0 Sticker for "Corvette" windscreen streamer - 19.5 LDU tall - Black
0 Name: sticker_corvette_text_black.dat
0 Author: svg2ldraw
0 !LICENSE Redistributable under CCAL version 2.0 : see CAreadme.txt
0 BFC CERTIFY CCW
3 72 0.0742 -0.5 3.1797 0 -0.5 3.1216 0 -0.5 3.0961
3 72 0.0742 -0.5 3.1797 0 -0.5 3.0961 0 -0.5 3.0905
4 16 0 -0.5 3.1216 0.0742 -0.5 3.1797 0.1404 -0.5 3.2594 0 -0.5 3.149
4 72 0.4891 -0.5 3.5056 0.0742 -0.5 3.1797 0 -0.5 3.0905 0 -0.5 0.8362
3 72 1.8556 -0.5 2.2583 0.4891 -0.5 3.5056 0 -0.5 0.8362
4 72 0.4992 -0.5 1.2017 1.8556 -0.5 2.2583 0 -0.5 0.8227 0 -0.5 0.817
3 72 1.8556 -0.5 2.2583 0 -0.5 0.8336 0 -0.5 0.8293
3 72 1.8556 -0.5 2.2583 0 -0.5 0.8293 0 -0.5 0.8227
3 72 1.8556 -0.5 2.2583 0 -0.5 0.8349 0 -0.5 0.8336
3 72 1.8556 -0.5 2.2583 0 -0.5 0.8358 0 -0.5 0.8349
3 72 1.8556 -0.5 2.2583 0 -0.5 0.8362 0 -0.5 0.8358
3 16 1.0115 -0.5 3.8417 0.8861 -0.5 3.8219 0.6726 -0.5 3.6519
4 16 1.9287 -0.5 2.2956 1.8983 -0.5 2.2801 0 -0.5 0.817 0 -0.5 0.8161
4 16 1.9744 -0.5 2.3151 1.9595 -0.5 2.311 0 -0.5 0.8132 0 -0.5 0.8097
4 16 1.9897 -0.5 2.3194 1.9744 -0.5 2.3151 0 -0.5 0.8097 0 -0.5 0.8056
4 16 2.0056 -0.5 2.3239 1.9897 -0.5 2.3194 0 -0.5 0.8056 0 -0.5 0.8009
3 16 1.4345 -0.5 3.9085 0.9948 -0.5 3.9085 0.8861 -0.5 3.8219
4 16 1.3782 -0.5 -9.75 3.1494 -0.5 -1.045 0 -0.5 -8.9269 0 -0.5 -9.75
4 16 1.9578 -0.5 2.3105 1.8448 -0.5 2.2313 0 -0.5 0.8161 0 -0.5 0.8132
3 16 1.9595 -0.5 2.311 1.9578 -0.5 2.3105 0 -0.5 0.8132
3 72 1.2094 -0.5 1.7528 1.8556 -0.5 2.2583 0.4992 -0.5 1.2017
4 16 0.1404 -0.5 3.2594 5.5383 -0.5 9.75 0 -0.5 4.6457 0 -0.5 3.149
3 16 1.8983 -0.5 2.2801 1.8713 -0.5 2.2663 0.4992 -0.5 1.2017
3 16 4.5182 -0.5 2.4023 0 -0.5 -0.045 0 -0.5 -8.9254
4 72 4.2373 -0.5 3.9083 1.0115 -0.5 3.8417 0.6726 -0.5 3.6519 0.4891 -0.5 3.5056
3 16 1.8713 -0.5 2.2663 1.8556 -0.5 2.2583 1.2094 -0.5 1.7528
4 16 2.0562 -0.5 2.3381 2.0056 -0.5 2.3239 0 -0.5 0.8009 0 -0.5 -0.045
3 16 4.5182 -0.5 2.4023 2.0562 -0.5 2.3381 0 -0.5 -0.045
4 16 2.5854 -0.5 -2.4565 4.5182 -0.5 2.4023 0 -0.5 -8.9254 0 -0.5 -8.9269
3 16 5.5383 -0.5 9.75 0 -0.5 9.75 0 -0.5 7.0849
3 16 5.5383 -0.5 9.75 0 -0.5 7.0849 0 -0.5 4.6457
3 16 3.6916 -0.5 3.9085 0.9963 -0.5 3.9097 0.9948 -0.5 3.9085
3 16 1.9578 -0.5 2.3105 1.9287 -0.5 2.2956 1.8448 -0.5 2.2313
4 72 1.8556 -0.5 2.2583 1.9578 -0.5 2.3105 4.2373 -0.5 3.9083 0.4891 -0.5 3.5056
4 72 4.2373 -0.5 3.9083 3.6916 -0.5 3.9085 1.4345 -0.5 3.9085 1.0115 -0.5 3.8417
3 16 3.1494 -0.5 -1.045 3.1521 -0.5 -1.032 2.5854 -0.5 -2.4565
3 16 5.2794 -0.5 -9.75 2.9311 -0.5 -2.1182 1.3782 -0.5 -9.75
3 72 2.0562 -0.5 2.3381 6.7037 -0.5 3.908 1.9578 -0.5 2.3105
4 16 0.4891 -0.5 3.5056 8.3269 -0.5 9.75 5.5383 -0.5 9.75 0.0742 -0.5 3.1797
4 72 3.1828 -0.5 -2.9362 6.1279 -0.5 -0.6398 3.1521 -0.5 -1.032 2.9311 -0.5 -2.1182
4 16 3.597 -0.5 0.0751 4.5269 -0.5 2.4025 4.5182 -0.5 2.4023 3.3787 -0.5 -0.4624
3 16 4.2454 -0.5 0.9857 3.9608 -0.5 0.9857 3.8254 -0.5 0.6467
4 72 6.2898 -0.5 -0.5877 3.597 -0.5 0.0751 3.3787 -0.5 -0.4624 3.1521 -0.5 -1.032
4 72 3.8455 -0.5 -3.452 4.8582 -0.5 -3.6314 5.9771 -0.5 -0.8168 3.1828 -0.5 -2.9362
3 16 4.0108 -0.5 3.9084 5.5936 -0.5 5.1284 4.0047 -0.5 3.9084
4 72 6.7037 -0.5 3.908 6.0463 -0.5 3.9083 4.2373 -0.5 3.9083 1.9578 -0.5 2.3105
3 16 6.0463 -0.5 3.9083 4.2383 -0.5 3.909 4.2373 -0.5 3.9083
3 72 5.9771 -0.5 -0.8168 6.1279 -0.5 -0.6398 3.1828 -0.5 -2.9362
3 72 6.1279 -0.5 -0.6398 6.2898 -0.5 -0.5877 3.1521 -0.5 -1.032
3 72 5.7996 -0.5 -1.7852 5.8406 -0.5 -1.1705 4.8582 -0.5 -3.6314
3 72 5.8406 -0.5 -1.1705 5.9771 -0.5 -0.8168 4.8582 -0.5 -3.6314
3 72 6.2508 -0.5 -2.0758 5.7996 -0.5 -1.7852 4.8582 -0.5 -3.6314
3 16 5.9838 -0.5 -0.8117 5.9771 -0.5 -0.8168 5.8406 -0.5 -1.1705
4 16 6.3968 -0.5 -0.614 5.9838 -0.5 -0.8117 5.8406 -0.5 -1.1705 5.7996 -0.5 -1.7852
4 72 8.0938 -0.5 3.9078 7.3865 -0.5 3.908 6.7037 -0.5 3.908 2.0562 -0.5 2.3381
3 16 6.2277 -0.5 -0.6267 6.1279 -0.5 -0.6398 5.9771 -0.5 -0.8168
4 16 4.0047 -0.5 3.9084 11.613 -0.5 9.75 8.3269 -0.5 9.75 0.9963 -0.5 3.9097
4 16 6.3968 -0.5 -0.614 6.3714 -0.5 -0.6078 6.2277 -0.5 -0.6267 5.9838 -0.5 -0.8117
3 16 6.3714 -0.5 -0.6078 6.2898 -0.5 -0.5877 6.1279 -0.5 -0.6398
4 16 6.2508 -0.5 -2.0758 7.3494 -0.5 -0.8485 6.3968 -0.5 -0.614 5.7996 -0.5 -1.7852
3 16 4.031 -0.5 3.9084 11.6457 -0.5 9.75 4.0108 -0.5 3.9084
3 16 5.2794 -0.5 -9.75 11.9385 -0.5 -9.75 3.1828 -0.5 -2.9362
3 16 7.3865 -0.5 3.908 6.7044 -0.5 3.9083 6.7037 -0.5 3.908
4 72 9.5785 -0.5 3.9076 8.8248 -0.5 3.9078 8.0938 -0.5 3.9078 2.0562 -0.5 2.3381
3 72 10.3541 -0.5 3.9073 9.5785 -0.5 3.9076 2.0562 -0.5 2.3381
4 16 4.0493 -0.5 3.9084 11.6916 -0.5 9.75 11.6457 -0.5 9.75 4.031 -0.5 3.9084
4 16 4.064 -0.5 3.9084 11.7256 -0.5 9.75 11.6916 -0.5 9.75 4.0493 -0.5 3.9084
4 16 4.0781 -0.5 3.9084 11.756 -0.5 9.75 11.7256 -0.5 9.75 4.064 -0.5 3.9084
4 16 4.0922 -0.5 3.9084 11.7849 -0.5 9.75 11.756 -0.5 9.75 4.0781 -0.5 3.9084
4 16 4.2373 -0.5 3.9083 12.5714 -0.5 9.75 11.7849 -0.5 9.75 4.0922 -0.5 3.9084
4 72 6.2898 -0.5 -0.5877 18.9903 -0.5 0.4561 3.8254 -0.5 0.6467 3.597 -0.5 0.0751
4 16 11.6457 -0.5 9.75 11.613 -0.5 9.75 5.5936 -0.5 5.1284 4.0108 -0.5 3.9084
3 16 8.8248 -0.5 3.9078 8.0948 -0.5 3.908 8.0938 -0.5 3.9078
3 16 12.3338 -0.5 -2.0752 7.3494 -0.5 -0.8485 6.2508 -0.5 -2.0758
4 72 11.9667 -0.5 3.9071 11.1504 -0.5 3.9073 10.3541 -0.5 3.9073 2.0562 -0.5 2.3381
3 72 12.8021 -0.5 3.9068 11.9667 -0.5 3.9071 2.0562 -0.5 2.3381
3 16 18.6687 -0.5 0.9867 4.5269 -0.5 2.4025 3.9608 -0.5 0.9857
3 16 11.1504 -0.5 3.9073 10.3553 -0.5 3.9075 10.3541 -0.5 3.9073
3 72 15.4126 -0.5 3.9063 14.5259 -0.5 3.9066 2.0562 -0.5 2.3381
4 72 14.5259 -0.5 3.9066 13.6554 -0.5 3.9068 12.8021 -0.5 3.9068 2.0562 -0.5 2.3381
3 72 16.3143 -0.5 3.9061 15.4126 -0.5 3.9063 2.0562 -0.5 2.3381
4 72 18.9903 -0.5 0.4561 18.6687 -0.5 0.9867 4.2454 -0.5 0.9857 3.8254 -0.5 0.6467
4 72 17.7957 -0.5 -2.5918 17.4615 -0.5 -2.0748 6.2508 -0.5 -2.0758 4.8582 -0.5 -3.6314
3 72 17.2306 -0.5 3.9059 16.3143 -0.5 3.9061 2.0562 -0.5 2.3381
4 16 6.7037 -0.5 3.908 23.9971 -0.5 9.75 12.5714 -0.5 9.75 4.2383 -0.5 3.909
3 72 18.1601 -0.5 3.9056 17.2306 -0.5 3.9059 2.0562 -0.5 2.3381
3 16 13.6554 -0.5 3.9068 12.8037 -0.5 3.9071 12.8021 -0.5 3.9068
3 72 19.1022 -0.5 3.9054 18.1601 -0.5 3.9056 2.0562 -0.5 2.3381
4 16 12.3338 -0.5 -2.0752 17.4615 -0.5 -2.0748 16.5002 -0.5 -0.5877 6.2898 -0.5 -0.5877
3 72 20.0559 -0.5 3.9051 19.1022 -0.5 3.9054 2.0562 -0.5 2.3381
4 72 17.0872 -0.5 -3.6324 17.511 -0.5 -3.3101 17.7957 -0.5 -2.5918 4.8582 -0.5 -3.6314
4 16 18.6687 -0.5 0.9867 17.6512 -0.5 2.6654 16.4352 -0.5 2.713 4.5269 -0.5 2.4025
3 72 21.0199 -0.5 3.9049 20.0559 -0.5 3.9051 2.0562 -0.5 2.3381
4 15 0 0 -9.75 0 0 9.75 30 0 9.75 30 0 -9.75
2 24 30 0 -9.75 0 0 -9.75
2 24 0 0 9.75 30 0 9.75
4 15 0 0 9.75 0 -0.5 9.75 30 -0.5 9.75 30 0 9.75
4 15 0 -0.5 -9.75 0 0 -9.75 30 0 -9.75 30 -0.5 -9.75
2 24 30 0 -9.75 0 0 -9.75
2 24 0 0 9.75 30 0 9.75
3 72 21.9935 -0.5 3.9046 21.0199 -0.5 3.9049 2.0562 -0.5 2.3381
4 16 11.9385 -0.5 -9.75 21.7892 -0.5 -9.75 22.9229 -0.5 -6.8317 3.8455 -0.5 -3.452
4 72 18.2955 -0.5 -0.5877 18.7175 -0.5 -0.2476 18.9903 -0.5 0.4561 6.2898 -0.5 -0.5877
3 72 22.9762 -0.5 3.9044 21.9935 -0.5 3.9046 2.0562 -0.5 2.3381
3 72 23.9664 -0.5 3.9041 22.9762 -0.5 3.9044 2.0562 -0.5 2.3381
3 72 24.9634 -0.5 3.9039 23.9664 -0.5 3.9041 2.0562 -0.5 2.3381
4 16 8.0938 -0.5 3.9078 29.3648 -0.5 9.75 23.9971 -0.5 9.75 6.7044 -0.5 3.9083
4 16 22.9229 -0.5 -6.8317 23.6854 -0.5 -4.8691 18.6609 -0.5 -3.6325 4.8582 -0.5 -3.6314
3 16 17.7957 -0.5 -2.5918 18.5898 -0.5 -0.5877 16.5002 -0.5 -0.5877
3 72 25.9664 -0.5 3.9037 24.9634 -0.5 3.9039 2.0562 -0.5 2.3381
3 16 18.6609 -0.5 -3.6325 17.4719 -0.5 -3.3399 17.0872 -0.5 -3.6324
3 72 26.9743 -0.5 3.9034 25.9664 -0.5 3.9037 2.0562 -0.5 2.3381
3 16 18.9903 -0.5 0.4561 19.8139 -0.5 2.5806 17.6512 -0.5 2.6654
4 16 9.5785 -0.5 3.9076 28.6401 -0.5 7.8847 29.23 -0.5 9.4031 8.0948 -0.5 3.908
3 16 21.0919 -0.5 -0.5877 18.5898 -0.5 -0.5877 17.511 -0.5 -3.3101
4 16 10.3541 -0.5 3.9073 28.4224 -0.5 7.3244 28.6401 -0.5 7.8847 9.5785 -0.5 3.9076
4 16 11.9667 -0.5 3.9071 28.0863 -0.5 6.4591 28.4224 -0.5 7.3244 10.3553 -0.5 3.9075
4 16 12.8021 -0.5 3.9068 27.9541 -0.5 6.1188 28.0863 -0.5 6.4591 11.9667 -0.5 3.9071
3 16 22.1161 -0.5 2.4904 19.8139 -0.5 2.5806 18.7175 -0.5 -0.2476
3 72 30 -0.5 2.3381 30 -0.5 3.0668 2.0562 -0.5 2.3381
3 72 30 -0.5 3.0668 30 -0.5 3.0755 2.0562 -0.5 2.3381
3 72 30 -0.5 3.0755 30 -0.5 3.0992 2.0562 -0.5 2.3381
3 72 30 -0.5 3.0992 30 -0.5 3.1142 2.0562 -0.5 2.3381
3 72 30 -0.5 3.1315 30 -0.5 3.1512 2.0562 -0.5 2.3381
3 72 30 -0.5 3.1512 30 -0.5 3.1858 2.0562 -0.5 2.3381
3 72 30 -0.5 3.1858 30 -0.5 3.2943 2.0562 -0.5 2.3381
3 72 30 -0.5 3.2943 30 -0.5 3.3557 2.0562 -0.5 2.3381
3 72 30 -0.5 3.3557 30 -0.5 3.6202 2.0562 -0.5 2.3381
3 72 30 -0.5 3.6202 30 -0.5 3.8462 2.0562 -0.5 2.3381
3 72 30 -0.5 3.8462 30 -0.5 3.9014 2.0562 -0.5 2.3381
3 72 30 -0.5 3.1142 30 -0.5 3.1315 2.0562 -0.5 2.3381
4 16 14.5259 -0.5 3.9066 27.7404 -0.5 5.5688 27.9541 -0.5 6.1188 12.8037 -0.5 3.9071
4 16 15.4126 -0.5 3.9063 27.6529 -0.5 5.3436 27.7404 -0.5 5.5688 14.5259 -0.5 3.9066
4 72 29.0012 -0.5 3.9027 27.9861 -0.5 3.9032 26.9743 -0.5 3.9034 2.0562 -0.5 2.3381
4 16 16.3143 -0.5 3.9061 27.5756 -0.5 5.1446 27.6529 -0.5 5.3436 15.4126 -0.5 3.9063
4 16 23.6854 -0.5 -4.8691 25.3487 -0.5 -0.5877 21.0919 -0.5 -0.5877 17.4719 -0.5 -3.3399
4 16 17.2306 -0.5 3.9059 27.5068 -0.5 4.9676 27.5756 -0.5 5.1446 16.3143 -0.5 3.9061
3 16 29.23 -0.5 9.4031 29.3648 -0.5 9.75 8.0938 -0.5 3.9078
4 16 18.1601 -0.5 3.9056 27.4454 -0.5 4.8094 27.5068 -0.5 4.9676 17.2306 -0.5 3.9059
4 72 30 -0.5 3.9014 30 -0.5 3.9024 29.0012 -0.5 3.9027 2.0562 -0.5 2.3381
4 16 19.1022 -0.5 3.9054 27.3902 -0.5 4.6674 27.4454 -0.5 4.8094 18.1601 -0.5 3.9056
4 16 26.3017 -0.5 1.8655 26.0045 -0.5 2.3381 22.1161 -0.5 2.4904 18.2955 -0.5 -0.5877
3 16 25.3487 -0.5 -0.5877 26.3017 -0.5 1.8655 18.2955 -0.5 -0.5877
4 16 20.0559 -0.5 3.9051 27.3405 -0.5 4.5393 27.3902 -0.5 4.6674 19.1022 -0.5 3.9054
4 16 21.0199 -0.5 3.9049 27.2954 -0.5 4.4234 27.3405 -0.5 4.5393 20.0559 -0.5 3.9051
4 16 21.9935 -0.5 3.9046 27.2545 -0.5 4.318 27.2954 -0.5 4.4234 21.0199 -0.5 3.9049
3 16 24.6953 -0.5 -2.2786 24.5138 -0.5 -2.7366 24.4642 -0.5 -2.8643
3 16 25.0124 -0.5 -1.4781 24.5611 -0.5 -2.6149 24.5138 -0.5 -2.7366
3 16 25.3749 -0.5 -0.5653 24.6211 -0.5 -2.4605 24.5611 -0.5 -2.6149
4 16 22.9762 -0.5 3.9044 27.2171 -0.5 4.2219 27.2545 -0.5 4.318 21.9935 -0.5 3.9046
3 16 28.6706 -0.5 -9.75 24.3598 -0.5 -3.1332 21.7892 -0.5 -9.75
4 72 26.3272 -0.5 1.825 24.6953 -0.5 -2.2786 24.4642 -0.5 -2.8643 24.3598 -0.5 -3.1332
3 16 25.742 -0.5 0.3578 24.7074 -0.5 -2.2384 24.6211 -0.5 -2.4605
4 72 24.685 -0.5 -3.6324 25.2884 -0.5 -3.6321 26.3272 -0.5 1.825 24.3598 -0.5 -3.1332
3 16 26.0731 -0.5 1.1885 24.8114 -0.5 -1.9707 24.7074 -0.5 -2.2384
4 16 23.9664 -0.5 3.9041 27.183 -0.5 4.1341 27.2171 -0.5 4.2219 22.9762 -0.5 3.9044
4 72 26.3272 -0.5 1.825 25.3749 -0.5 -0.5653 25.0124 -0.5 -1.4781 24.6953 -0.5 -2.2786
3 16 26.3272 -0.5 1.825 26.3017 -0.5 1.8655 24.8114 -0.5 -1.9707
4 16 24.9634 -0.5 3.9039 27.1517 -0.5 4.0535 27.183 -0.5 4.1341 23.9664 -0.5 3.9041
3 72 25.9603 -0.5 -3.6321 26.3272 -0.5 1.825 25.2884 -0.5 -3.6321
4 72 26.3272 -0.5 1.825 26.0731 -0.5 1.1885 25.742 -0.5 0.3578 25.3749 -0.5 -0.5653
4 16 25.9664 -0.5 3.9037 27.1229 -0.5 3.9794 27.1517 -0.5 4.0535 24.9634 -0.5 3.9039
4 72 26.563 -0.5 -3.6324 27.109 -0.5 -3.0018 26.3272 -0.5 1.825 25.9603 -0.5 -3.6321
4 16 26.9743 -0.5 3.9034 27.0964 -0.5 3.9111 27.1229 -0.5 3.9794 25.9664 -0.5 3.9037
3 72 26.9869 -0.5 -3.3101 27.109 -0.5 -3.0018 26.563 -0.5 -3.6324
3 72 27.109 -0.5 -3.0018 27.3527 -0.5 -2.388 26.3272 -0.5 1.825
3 16 27.0934 -0.5 3.9034 27.0964 -0.5 3.9111 26.9743 -0.5 3.9034
4 16 27.4849 -0.5 -2.9315 27.3527 -0.5 -2.388 27.109 -0.5 -3.0018 26.9869 -0.5 -3.3101
3 16 27.9861 -0.5 3.9032 27.0935 -0.5 3.9036 27.0934 -0.5 3.9034
4 72 27.3527 -0.5 -2.388 27.6777 -0.5 -1.57 28.9795 -0.5 1.7277 26.3272 -0.5 1.825
4 72 26.3272 -0.5 1.825 28.9795 -0.5 1.7277 29.376 -0.5 2.2059 26.0045 -0.5 2.3381
4 16 30 -0.5 -9.75 30 -0.5 -4.358 25.2884 -0.5 -3.6321 24.685 -0.5 -3.6324
3 16 28.6706 -0.5 -9.75 30 -0.5 -9.75 24.685 -0.5 -3.6324
4 16 30 -0.5 -4.358 30 -0.5 -3.6337 25.9603 -0.5 -3.6321 25.2884 -0.5 -3.6321
4 72 28.043 -0.5 -0.6486 28.4088 -0.5 0.2754 28.9795 -0.5 1.7277 27.6777 -0.5 -1.57
4 16 30 -0.5 -3.6338 30 -0.5 -3.6321 26.5634 -0.5 -3.6321 26.563 -0.5 -3.6324
4 16 30 -0.5 -3.6321 30 -0.5 -3.6302 26.564 -0.5 -3.6316 26.5634 -0.5 -3.6321
3 72 29.376 -0.5 2.2059 29.8272 -0.5 2.3381 26.0045 -0.5 2.3381
3 16 28.9955 -0.5 1.7471 28.9906 -0.5 1.7411 27.6777 -0.5 -1.57
3 16 28.9906 -0.5 1.7411 28.9876 -0.5 1.7375 28.043 -0.5 -0.6486
3 72 28.7345 -0.5 1.1013 28.9795 -0.5 1.7277 28.4088 -0.5 0.2754
4 16 27.4849 -0.5 -2.9315 30 -0.5 -1.0193 30 -0.5 -0.6317 27.3527 -0.5 -2.388
4 16 28.9876 -0.5 1.7375 28.9856 -0.5 1.7352 28.7265 -0.5 1.0811 28.4088 -0.5 0.2754
3 16 30 -0.5 -1.9767 30 -0.5 -1.0193 26.564 -0.5 -3.6316
3 16 30 -0.5 -3.6302 30 -0.5 -1.9767 26.564 -0.5 -3.6316
3 16 28.9826 -0.5 1.7276 28.9815 -0.5 1.7276 28.7265 -0.5 1.0811
3 16 28.9815 -0.5 1.7276 28.9795 -0.5 1.7277 28.7345 -0.5 1.1013
3 16 28.9826 -0.5 1.7276 28.9856 -0.5 1.7352 28.9795 -0.5 1.7277
4 16 30 -0.5 5.7511 30 -0.5 9.75 29.3648 -0.5 9.75 27.0935 -0.5 3.9036
3 16 29.0012 -0.5 3.9027 30 -0.5 5.7511 27.0935 -0.5 3.9036
4 16 30 -0.5 2.1815 29.376 -0.5 2.2059 28.9955 -0.5 1.7471 27.3527 -0.5 -2.388
3 16 30 -0.5 -0.6317 30 -0.5 2.1815 27.3527 -0.5 -2.388
3 16 29.8443 -0.5 3.9025 29.8642 -0.5 3.9528 29.0012 -0.5 3.9027
4 16 29.8642 -0.5 3.9528 30 -0.5 4.2956 30 -0.5 5.7511 29.0012 -0.5 3.9027
4 16 30 -0.5 2.1815 30 -0.5 2.3381 29.8272 -0.5 2.3381 29.376 -0.5 2.2059
4 16 29.8446 -0.5 3.9025 30 -0.5 4.295 30 -0.5 4.2955 29.8443 -0.5 3.9025
4 16 29.8476 -0.5 3.9025 30 -0.5 4.2868 30 -0.5 4.2939 29.8446 -0.5 3.9025
4 16 29.8519 -0.5 3.9025 30 -0.5 4.2753 30 -0.5 4.2868 29.8476 -0.5 3.9025
3 16 30 -0.5 4.2939 30 -0.5 4.295 29.8446 -0.5 3.9025
3 16 30 -0.5 3.9024 30 -0.5 4.2753 29.8519 -0.5 3.9025
3 72 30.0183 -0.4991 3.9024 30 -0.5 3.9024 30 -0.5 3.9014
3 16 30.2681 -0.4874 4.973 30 -0.5 4.2955 30 -0.5 4.295
4 72 31.0357 -0.4512 3.9022 30.0183 -0.4991 3.9024 30 -0.5 3.9014 30 -0.5 3.8462
3 16 32.1585 -0.3983 9.75 30 -0.5 9.75 30 -0.5 5.7511
3 16 32.1585 -0.3983 9.75 30 -0.5 5.7511 30 -0.5 4.2956
3 16 32.1639 -0.398 9.75 30 -0.5 4.2939 30 -0.5 4.2868
4 16 32.1585 -0.3983 9.75 30.2681 -0.4874 4.973 30 -0.5 4.295 30 -0.5 4.2939
3 16 32.1639 -0.398 9.75 32.1585 -0.3983 9.75 30 -0.5 4.2939
4 16 32.1727 -0.3976 9.75 32.1639 -0.398 9.75 30 -0.5 4.2868 30 -0.5 4.2753
3 16 33.9993 -0.3115 2.0246 30 -0.5 2.1815 30 -0.5 -0.6317
3 16 33.9993 -0.3115 2.0246 30 -0.5 -0.6317 30 -0.5 -1.0193
4 72 32.0532 -0.4032 3.902 31.0357 -0.4512 3.9022 30 -0.5 3.8462 30 -0.5 3.6202
3 72 36.1079 -0.2121 3.9007 32.0532 -0.4032 3.902 30 -0.5 3.6202
4 16 33.9993 -0.3115 2.0246 34.4111 -0.2921 2.3381 30 -0.5 2.3381 30 -0.5 2.1815
3 16 35.0986 -0.2597 3.9012 31.0538 -0.4503 3.9032 31.0358 -0.4512 3.9022
4 16 37.384 -0.152 9.75 32.1727 -0.3976 9.75 30 -0.5 4.2753 30 -0.5 3.9024
4 16 30.0183 -0.4991 3.9024 37.384 -0.152 6.9504 37.384 -0.152 9.75 30 -0.5 3.9024
4 16 36.3943 -0.1986 -3.6321 36.3914 -0.1988 -3.6276 30 -0.5 -3.6302 30 -0.5 -3.6321
4 16 36.397 -0.1985 -3.6363 36.3943 -0.1986 -3.6321 30 -0.5 -3.6321 30 -0.5 -3.6338
4 72 37.384 -0.152 2.3381 37.384 -0.152 3.2595 30 -0.5 3.0668 30 -0.5 2.3381
4 72 37.384 -0.152 3.2595 37.384 -0.152 3.2706 30 -0.5 3.0755 30 -0.5 3.0668
4 72 37.384 -0.152 3.2706 37.384 -0.152 3.3005 30 -0.5 3.0992 30 -0.5 3.0755
4 72 37.384 -0.152 3.3005 37.384 -0.152 3.3195 30 -0.5 3.1142 30 -0.5 3.0992
4 72 30 -0.5 3.1142 37.384 -0.152 3.3195 37.384 -0.152 3.3414 30 -0.5 3.1315
4 72 37.384 -0.152 3.3414 37.384 -0.152 3.3663 30 -0.5 3.1512 30 -0.5 3.1315
4 72 37.384 -0.152 3.3663 37.384 -0.152 3.41 30 -0.5 3.1858 30 -0.5 3.1512
4 72 30 -0.5 3.1858 37.384 -0.152 3.41 37.384 -0.152 3.5472 30 -0.5 3.2943
4 72 37.384 -0.152 3.5472 37.384 -0.152 3.6249 30 -0.5 3.3557 30 -0.5 3.2943
4 16 37.384 -0.152 -5.4968 37.384 -0.152 -3.6367 30 -0.5 -3.6337 30 -0.5 -4.358
4 16 37.384 -0.152 -9.75 37.384 -0.152 -5.4968 30 -0.5 -4.358 30 -0.5 -9.75
4 15 30 0 -9.75 30 0 9.75 37.384 0.348 9.75 37.384 0.348 -9.75
2 24 37.384 0.348 -9.75 30 0 -9.75
2 24 30 0 9.75 37.384 0.348 9.75
4 15 30 0 9.75 30 -0.5 9.75 37.384 -0.152 9.75 37.384 0.348 9.75
4 15 30 -0.5 -9.75 30 0 -9.75 37.384 0.348 -9.75 37.384 -0.152 -9.75
2 24 37.384 0.348 -9.75 30 0 -9.75
2 24 30 0 9.75 37.384 0.348 9.75
4 16 31.0357 -0.4512 3.9022 36.8812 -0.1757 4.218 36.9788 -0.1711 4.2923 30.0183 -0.4991 3.9024
4 16 37.384 -0.152 2.3381 34.4111 -0.2921 2.3381 30 -0.5 -1.0193 30 -0.5 -1.9767
3 16 37.384 -0.152 1.5837 37.384 -0.152 2.3381 30 -0.5 -1.9767
4 16 37.384 -0.152 0.2762 37.384 -0.152 1.5837 30 -0.5 -1.9767 30 -0.5 -3.6302
3 16 35.882 -0.2228 -3.6278 37.384 -0.152 0.2762 30 -0.5 -3.6302
4 72 36.1079 -0.2121 3.9007 35.0986 -0.2597 3.9012 34.0858 -0.3074 3.9015 32.0532 -0.4032 3.902
4 72 37.1129 -0.1648 3.9005 36.1079 -0.2121 3.9007 30 -0.5 3.6202 30 -0.5 3.3557
4 72 37.384 -0.152 3.6249 37.384 -0.152 3.9004 37.1129 -0.1648 3.9005 30 -0.5 3.3557
4 16 36.1079 -0.2121 3.9007 36.4872 -0.1943 3.9182 36.8812 -0.1757 4.218 31.0538 -0.4503 3.9032
4 16 36.9788 -0.1711 4.2923 37.384 -0.152 4.6007 37.384 -0.152 6.9504 30.0183 -0.4991 3.9024
3 16 36.3914 -0.1988 -3.6276 36.0723 -0.2138 -3.1332 35.882 -0.2228 -3.6278
3 16 36.4063 -0.1981 -2.2786 36.2178 -0.207 -2.7548 36.1757 -0.2089 -2.8643
3 16 36.4641 -0.1954 3.9006 36.4872 -0.1943 3.9182 36.1079 -0.2121 3.9007
3 16 36.7231 -0.1831 -1.4781 36.2613 -0.2049 -2.642 36.2178 -0.207 -2.7548
3 16 37.0854 -0.1661 -0.5653 36.3185 -0.2022 -2.4932 36.2613 -0.2049 -2.642
4 72 37.384 -0.152 0.1812 36.4063 -0.1981 -2.2786 36.1757 -0.2089 -2.8643 36.0723 -0.2138 -3.1332
3 72 37.384 -0.152 0.1765 37.384 -0.152 0.1812 36.0723 -0.2138 -3.1332
4 72 36.9976 -0.1702 -3.6321 37.384 -0.152 -1.6043 37.384 -0.152 0.1765 36.0723 -0.2138 -3.1332
3 72 36.3945 -0.1986 -3.6324 36.9976 -0.1702 -3.6321 36.0723 -0.2138 -3.1332
4 16 37.384 -0.152 0.1855 37.384 -0.152 0.1858 36.3647 -0.2 -2.373 36.3185 -0.2022 -2.4932
4 16 37.384 -0.152 0.1857 37.384 -0.152 0.1872 36.4207 -0.1974 -2.2276 36.3647 -0.2 -2.373
4 16 37.384 -0.152 -3.6367 37.384 -0.152 -3.6323 36.9976 -0.1702 -3.6321 36.3945 -0.1986 -3.6324
3 16 36.397 -0.1985 -3.6363 37.384 -0.152 -3.6367 36.3945 -0.1986 -3.6324
4 72 37.384 -0.152 0.1844 37.0854 -0.1661 -0.5653 36.7231 -0.1831 -1.4781 36.4063 -0.1981 -2.2786
3 72 37.384 -0.152 0.1812 37.384 -0.152 0.1844 36.4063 -0.1981 -2.2786
3 16 37.384 -0.152 0.1872 37.384 -0.152 0.2762 36.4207 -0.1974 -2.2276
3 16 37.384 -0.152 3.9004 37.384 -0.152 4.6007 36.4641 -0.1954 3.9006
3 72 37.384 -0.152 -3.6321 37.384 -0.152 -1.6043 36.9976 -0.1702 -3.6321
3 16 37.384 -0.152 -3.6323 37.384 -0.152 -3.6321 36.9976 -0.1702 -3.6321
3 72 37.384 -0.152 0.1844 37.384 -0.152 0.1855 37.0854 -0.1661 -0.5653
3 72 37.384 -0.152 3.9004 37.384 -0.152 3.9004 37.1129 -0.1648 3.9005
3 16 37.4519 -0.1422 0.3578 37.384 -0.152 0.1858 37.384 -0.152 0.1855
3 16 37.7798 -0.0948 1.1885 37.384 -0.152 0.1872 37.384 -0.152 0.1857
3 16 37.996 -0.0636 1.8815 37.384 -0.152 1.5837 37.384 -0.152 0.2762
3 72 38.0314 -0.0585 1.825 37.384 -0.152 0.1844 37.384 -0.152 0.1812
3 72 38.0314 -0.0585 1.825 37.384 -0.152 0.1812 37.384 -0.152 0.1765
3 72 38.0314 -0.0585 1.825 37.384 -0.152 0.1765 37.384 -0.152 -1.6043
4 72 37.7798 -0.0948 1.1885 37.4519 -0.1422 0.3578 37.384 -0.152 0.1855 37.384 -0.152 0.1844
3 72 38.0314 -0.0585 1.825 37.7798 -0.0948 1.1885 37.384 -0.152 0.1844
4 72 37.6676 -0.111 -3.6321 38.0314 -0.0585 1.825 37.384 -0.152 -1.6043 37.384 -0.152 -3.6321
4 16 37.996 -0.0636 1.8815 37.7095 -0.105 2.3381 37.384 -0.152 2.3381 37.384 -0.152 1.5837
4 16 38.0314 -0.0585 1.825 37.996 -0.0636 1.8815 37.384 -0.152 0.2762 37.384 -0.152 0.1872
4 16 38.7654 0.0475 3.9001 39.7151 0.1847 6.3914 37.384 -0.152 4.6007 37.384 -0.152 3.9004
4 72 38.265 -0.0248 -3.6324 39.7249 0.1861 -0.6401 38.0314 -0.0585 1.825 37.6676 -0.111 -3.6321
4 72 38.6718 0.034 -3.3101 38.7967 0.052 -3.0011 39.7249 0.1861 -0.6401 38.265 -0.0248 -3.6324
4 72 38.0314 -0.0585 1.825 39.7249 0.1861 -0.6401 40.0893 0.2387 0.2866 37.7095 -0.105 2.3381
4 72 39.0396 0.0871 -2.3853 39.362 0.1337 -1.5646 39.7249 0.1861 -0.6401 38.7967 0.052 -3.0011
3 72 40.0893 0.2387 0.2866 40.4172 0.2861 1.1142 37.7095 -0.105 2.3381
3 72 40.4172 0.2861 1.1142 40.6692 0.3225 1.7414 37.7095 -0.105 2.3381
3 16 44.0873 0.8162 9.75 37.384 -0.152 9.75 37.384 -0.152 6.9504
3 16 44.0873 0.8162 9.75 37.384 -0.152 6.9504 37.384 -0.152 4.6007
3 16 39.8586 0.2054 -0.2999 39.7249 0.1861 -0.6401 39.362 0.1337 -1.5646
4 16 40.0927 0.2392 0.2838 40.0893 0.2387 0.2866 39.8586 0.2054 -0.2999 39.0396 0.0871 -2.3853
3 72 40.6692 0.3225 1.7414 41.0273 0.3742 2.1969 37.7095 -0.105 2.3381
3 72 41.0273 0.3742 2.1969 41.4581 0.4364 2.3381 37.7095 -0.105 2.3381
4 16 40.7098 0.3284 1.7332 40.6692 0.3225 1.7414 40.5839 0.3102 1.5289 38.7967 0.052 -3.001
4 16 40.0927 0.2392 0.2838 40.4198 0.2865 1.113 40.4172 0.2861 1.1142 40.0893 0.2387 0.2866
4 16 44.64 0.896 -3.635 37.6676 -0.111 -3.6321 37.384 -0.152 -3.6321 37.384 -0.152 -3.6323
3 16 44.64 0.896 -3.6365 44.64 0.896 -3.635 37.384 -0.152 -3.6323
3 16 40.4198 0.2865 1.113 40.5839 0.3102 1.5289 40.4172 0.2861 1.1142
4 72 40.0677 0.2356 3.8998 39.0904 0.0945 3.9 37.384 -0.152 3.9004 37.384 -0.152 3.9004
4 72 44.64 0.896 3.8983 44.64 0.896 3.8984 40.0677 0.2356 3.8998 37.384 -0.152 3.9004
3 16 40.7098 0.3284 1.7332 40.7595 0.3355 1.8561 40.6692 0.3225 1.7414
4 16 41.5068 0.4435 3.8994 43.6809 0.7575 9.4378 39.7151 0.1847 6.3914 38.7654 0.0475 3.9001
4 72 44.64 0.896 2.3381 44.64 0.896 3.4507 37.384 -0.152 3.2595 37.384 -0.152 2.3381
4 72 44.64 0.896 3.4507 44.64 0.896 3.4641 37.384 -0.152 3.2706 37.384 -0.152 3.2595
4 72 44.64 0.896 3.4641 44.64 0.896 3.5002 37.384 -0.152 3.3005 37.384 -0.152 3.2706
4 72 44.64 0.896 3.5002 44.64 0.896 3.5231 37.384 -0.152 3.3195 37.384 -0.152 3.3005
4 72 44.64 0.896 3.5231 44.64 0.896 3.5496 37.384 -0.152 3.3414 37.384 -0.152 3.3195
4 72 44.64 0.896 3.5496 44.64 0.896 3.5796 37.384 -0.152 3.3663 37.384 -0.152 3.3414
4 72 44.64 0.896 3.5796 44.64 0.896 3.6324 37.384 -0.152 3.41 37.384 -0.152 3.3663
4 72 44.64 0.896 3.6324 44.64 0.896 3.7981 37.384 -0.152 3.5472 37.384 -0.152 3.41
4 72 44.64 0.896 3.7981 44.64 0.896 3.8919 37.384 -0.152 3.6249 37.384 -0.152 3.5472
4 72 44.64 0.896 3.8919 44.64 0.896 3.8983 37.384 -0.152 3.9004 37.384 -0.152 3.6249
4 16 44.64 0.896 -6.6262 44.64 0.896 -3.6397 37.384 -0.152 -3.6367 37.384 -0.152 -5.4968
4 16 44.64 0.896 -9.75 44.64 0.896 -6.6262 37.384 -0.152 -5.4968 37.384 -0.152 -9.75
4 16 44.64 0.896 -3.6397 44.64 0.896 -3.6365 37.384 -0.152 -3.6323 37.384 -0.152 -3.6367
4 15 37.384 0.348 -9.75 37.384 0.348 9.75 44.64 1.396 9.75 44.64 1.396 -9.75
2 24 44.64 1.396 -9.75 37.384 0.348 -9.75
2 24 37.384 0.348 9.75 44.64 1.396 9.75
4 15 37.384 0.348 9.75 37.384 -0.152 9.75 44.64 0.896 9.75 44.64 1.396 9.75
4 15 37.384 -0.152 -9.75 37.384 0.348 -9.75 44.64 1.396 -9.75 44.64 0.896 -9.75
2 24 44.64 1.396 -9.75 37.384 0.348 -9.75
2 24 37.384 0.348 9.75 44.64 1.396 9.75
4 16 44.64 0.896 -3.635 44.64 0.896 -3.6348 38.2653 -0.0247 -3.6321 38.265 -0.0248 -3.6324
4 16 44.64 0.896 -3.6321 44.64 0.896 -3.6243 38.2719 -0.0238 -3.6269 38.2653 -0.0247 -3.6321
4 16 44.64 0.896 2.0432 41.0273 0.3742 2.1969 40.7595 0.3355 1.8561 38.6718 0.034 -3.3101
3 16 44.64 0.896 1.4169 44.64 0.896 2.0432 38.6718 0.034 -3.3101
3 16 43.8869 0.7872 3.8988 41.5853 0.4548 3.9 41.5851 0.4548 3.8994
3 16 44.64 0.896 -3.6348 44.64 0.896 -3.6321 38.2653 -0.0247 -3.6321
3 16 44.64 0.896 -3.6243 44.64 0.896 1.4169 38.2719 -0.0238 -3.6269
4 16 41.5079 0.4436 3.8994 43.684 0.7579 9.4402 43.6809 0.7575 9.4378 41.5068 0.4435 3.8994
4 16 41.5191 0.4452 3.8994 43.7141 0.7623 9.4633 43.684 0.7579 9.4402 41.5079 0.4436 3.8994
4 16 41.5851 0.4548 3.8994 43.8871 0.7873 9.5962 43.7141 0.7623 9.4633 41.5191 0.4452 3.8994
4 16 44.64 0.896 2.0432 44.64 0.896 2.3381 41.4581 0.4364 2.3381 41.0273 0.3742 2.1969
4 72 44.64 0.896 3.8984 43.8869 0.7872 3.8988 41.9971 0.5143 3.8993 40.0677 0.2356 3.8998
3 72 44.64 0.896 3.8984 44.64 0.896 3.8984 40.0677 0.2356 3.8998
3 16 44.64 0.896 3.8984 44.64 0.896 5.2163 41.5853 0.4548 3.9
4 16 44.64 0.896 9.75 44.0873 0.8162 9.75 43.8871 0.7873 9.5962 41.5853 0.4548 3.9
3 16 44.64 0.896 5.2163 44.64 0.896 9.75 41.5853 0.4548 3.9
3 72 44.8114 0.9381 3.8983 44.64 0.896 3.8984 44.64 0.896 3.8984
3 72 44.8114 0.9381 3.8983 44.64 0.896 3.8984 44.64 0.896 3.8983
3 72 44.8114 0.9381 3.8983 44.64 0.896 3.8983 44.64 0.896 3.8919
3 16 45.3764 1.0769 2.0113 44.64 0.896 2.0432 44.64 0.896 1.4169
4 16 45.3764 1.0769 2.0113 45.7812 1.1763 2.3381 44.64 0.896 2.3381 44.64 0.896 2.0432
4 16 47.048 1.4873 2.3381 45.7812 1.1763 2.3381 44.64 0.896 1.4169 44.64 0.896 -3.6243
3 16 45.3652 1.0741 -3.624 47.048 1.4873 2.3381 44.64 0.896 -3.6243
4 72 46.5941 1.3759 3.8978 44.8114 0.9381 3.8983 44.64 0.896 3.8919 44.64 0.896 3.7981
3 72 47.4644 1.5896 3.8976 46.5941 1.3759 3.8978 44.64 0.896 3.7981
4 16 45.3695 1.0752 -3.624 46.3886 1.3254 -1.0434 46.3899 1.3257 -1.0369 45.3652 1.0741 -3.624
3 16 45.8854 1.2018 -3.6237 46.3886 1.3254 -1.0434 45.3695 1.0752 -3.624
3 16 46.6341 1.3857 -3.6234 46.179 1.2739 -2.1182 45.8854 1.2018 -3.6237
3 16 46.3899 1.3257 -1.0369 47.048 1.4873 2.3381 45.3652 1.0741 -3.624
4 16 48.0517 1.7338 -3.6321 48.0013 1.7215 -3.6229 44.64 0.896 -3.6243 44.64 0.896 -3.6321
3 16 46.6341 1.3857 -3.6234 47.2836 1.5452 -3.6232 46.4263 1.3347 -2.9362
4 16 46.6175 1.3816 -0.4624 47.724 1.6534 2.3381 47.048 1.4873 2.3381 46.3908 1.326 -1.032
4 16 47.4644 1.5896 3.8976 47.7246 1.6535 3.9067 47.8556 1.6857 4.0124 44.8117 0.9382 3.8983
3 16 46.8303 1.4339 0.0751 47.724 1.6534 2.3381 46.6175 1.3816 -0.4624
4 72 49.2828 2.0362 -0.6398 46.6175 1.3816 -0.4624 46.3908 1.326 -1.032 46.179 1.2739 -2.1182
3 16 47.4685 1.5906 0.9857 47.1899 1.5222 0.9857 47.056 1.4893 0.6467
3 16 47.2836 1.5452 -3.6232 48.0013 1.7215 -3.6229 47.0699 1.4927 -3.452
4 16 51.648 2.617 7.0737 51.648 2.617 8.2939 44.64 0.896 5.2163 44.64 0.896 3.8984
4 16 44.8114 0.9381 3.8983 47.8556 1.6857 4.0124 51.648 2.617 7.0737 44.64 0.896 3.8984
3 16 47.7132 1.6507 3.8976 47.7246 1.6535 3.9067 47.4644 1.5896 3.8976
4 72 47.0699 1.4927 -3.452 48.0478 1.7329 -3.6314 49.137 2.0004 -0.8168 46.4263 1.3347 -2.9362
4 72 46.4263 1.3347 -2.9362 49.137 2.0004 -0.8168 49.2828 2.0362 -0.6398 46.179 1.2739 -2.1182
3 16 48.3196 1.7996 3.8976 47.7134 1.6508 3.8977 47.7132 1.6507 3.8976
4 72 49.2828 2.0362 -0.6398 49.4371 2.074 -0.5877 46.8303 1.4339 0.0751 46.6175 1.3816 -0.4624
4 72 48.3196 1.7996 3.8976 47.4644 1.5896 3.8976 44.64 0.896 3.7981 44.64 0.896 3.6324
4 72 51.648 2.617 3.8513 51.648 2.617 3.8966 48.3196 1.7996 3.8976 44.64 0.896 3.6324
4 72 51.648 2.617 2.3381 51.648 2.617 3.6389 44.64 0.896 3.4507 44.64 0.896 2.3381
4 72 51.648 2.617 3.6389 51.648 2.617 3.6545 44.64 0.896 3.4641 44.64 0.896 3.4507
4 72 51.648 2.617 3.6545 51.648 2.617 3.6968 44.64 0.896 3.5002 44.64 0.896 3.4641
4 72 51.648 2.617 3.6968 51.648 2.617 3.7236 44.64 0.896 3.5231 44.64 0.896 3.5002
4 72 51.648 2.617 3.7236 51.648 2.617 3.7545 44.64 0.896 3.5496 44.64 0.896 3.5231
4 72 51.648 2.617 3.7545 51.648 2.617 3.7896 44.64 0.896 3.5796 44.64 0.896 3.5496
4 72 51.648 2.617 3.7896 51.648 2.617 3.8513 44.64 0.896 3.6324 44.64 0.896 3.5796
4 16 51.648 2.617 8.2939 51.648 2.617 9.75 44.64 0.896 9.75 44.64 0.896 5.2163
4 16 51.648 2.617 -7.738 51.648 2.617 -3.6426 44.64 0.896 -3.6397 44.64 0.896 -6.6262
4 16 51.648 2.617 -9.75 51.648 2.617 -7.738 44.64 0.896 -6.6262 44.64 0.896 -9.75
4 16 51.648 2.617 -3.6405 51.648 2.617 -3.6379 44.64 0.896 -3.635 44.64 0.896 -3.6365
4 16 51.648 2.617 -3.6426 51.648 2.617 -3.6405 44.64 0.896 -3.6365 44.64 0.896 -3.6397
4 16 51.648 2.617 -3.6378 51.648 2.617 -3.6321 44.64 0.896 -3.6321 44.64 0.896 -3.6348
4 16 51.648 2.617 -3.6379 51.648 2.617 -3.6378 44.64 0.896 -3.6348 44.64 0.896 -3.635
4 15 44.64 1.396 -9.75 44.64 1.396 9.75 51.648 3.117 9.75 51.648 3.117 -9.75
4 15 44.64 1.396 9.75 44.64 0.896 9.75 51.648 2.617 9.75 51.648 3.117 9.75
4 15 44.64 0.896 -9.75 44.64 1.396 -9.75 51.648 3.117 -9.75 51.648 2.617 -9.75
2 24 51.648 3.117 -9.75 44.64 1.396 -9.75
2 24 44.64 1.396 9.75 51.648 3.117 9.75
2 24 51.648 3.117 -9.75 44.64 1.396 -9.75
2 24 44.64 1.396 9.75 51.648 3.117 9.75
3 72 48.9639 1.9579 -1.7852 49.0036 1.9676 -1.1705 48.0478 1.7329 -3.6314
3 72 49.0036 1.9676 -1.1705 49.137 2.0004 -0.8168 48.0478 1.7329 -3.6314
3 72 49.4151 2.0687 -2.0758 48.9639 1.9579 -1.7852 48.0478 1.7329 -3.6314
3 16 49.1426 2.0017 -0.8124 49.137 2.0004 -0.8168 49.0036 1.9676 -1.1705
3 16 49.5243 2.0955 -0.6559 49.0036 1.9676 -1.1705 48.9639 1.9579 -1.7852
4 16 49.5243 2.0955 -0.6559 49.357 2.0544 -0.6448 49.1426 2.0017 -0.8124 49.0036 1.9676 -1.1705
3 16 49.357 2.0544 -0.6448 49.2828 2.0362 -0.6398 49.137 2.0004 -0.8168
4 72 51.648 2.617 -0.4008 51.648 2.617 0.5873 47.056 1.4893 0.6467 46.8303 1.4339 0.0751
3 72 49.4371 2.074 -0.5877 51.648 2.617 -0.4008 46.8303 1.4339 0.0751
4 72 51.648 2.617 0.5873 51.648 2.617 0.986 47.4685 1.5906 0.9857 47.056 1.4893 0.6467
3 16 49.7698 2.1558 -0.6723 49.4371 2.074 -0.5877 49.2828 2.0362 -0.6398
4 16 51.648 2.617 0.986 51.648 2.617 2.3381 47.724 1.6534 2.3381 47.1899 1.5222 0.9857
3 16 49.4151 2.0687 -2.0758 50.4882 2.3322 -0.8549 48.9639 1.9579 -1.7852
4 16 50.4882 2.3322 -0.8549 49.7698 2.1558 -0.6723 49.5243 2.0955 -0.6559 48.9639 1.9579 -1.7852
4 16 48.0517 1.7338 -3.6321 51.648 2.617 -3.6321 51.648 2.617 -3.6317 48.0478 1.7329 -3.6314
4 72 51.648 2.617 -3.3335 51.648 2.617 -2.0756 49.4151 2.0687 -2.0758 48.0478 1.7329 -3.6314
3 16 51.648 2.617 3.9807 51.648 2.617 7.0737 47.7136 1.6508 3.8979
3 16 51.648 2.617 3.8966 51.648 2.617 3.9807 47.7136 1.6508 3.8979
3 72 51.648 2.617 -3.6317 51.648 2.617 -3.3335 48.0478 1.7329 -3.6314
4 72 51.648 2.617 3.8966 51.5707 2.598 3.8966 49.9808 2.2076 3.8971 48.3196 1.7996 3.8976
3 72 51.648 2.617 3.8966 51.648 2.617 3.8966 48.3196 1.7996 3.8976
4 16 51.648 2.617 -2.0756 51.648 2.617 -1.1498 50.4882 2.3322 -0.8549 49.4151 2.0687 -2.0758
3 72 51.648 2.617 -0.5877 51.648 2.617 -0.4008 49.4371 2.074 -0.5877
3 16 51.648 2.617 -1.1498 51.648 2.617 -0.5877 49.4371 2.074 -0.5877
3 72 53.0384 3.1142 3.8961 51.648 2.617 3.8966 51.648 2.617 3.8966
3 72 53.0384 3.1142 3.8961 51.648 2.617 3.8966 51.648 2.617 3.8513
3 16 54.8627 3.7666 9.75 51.648 2.617 9.75 51.648 2.617 8.2939
3 16 54.8627 3.7666 9.75 51.648 2.617 8.2939 51.648 2.617 7.0737
3 16 55.1774 3.8791 -2.0752 51.648 2.617 -1.1498 51.648 2.617 -2.0756
4 72 55.0773 3.8433 3.8956 53.0384 3.1142 3.8961 51.648 2.617 3.8513 51.648 2.617 3.7896
3 16 53.74 3.3651 3.8961 53.0461 3.1169 3.8963 53.0384 3.1142 3.8961
3 16 56.8024 4.4602 -3.6321 51.648 2.617 -3.6317 51.648 2.617 -3.6321
3 16 54.4199 3.6082 3.8959 53.0467 3.1172 3.8964 53.0461 3.1169 3.8963
4 72 55.0773 3.8433 3.8956 54.4199 3.6082 3.8959 53.74 3.3651 3.8961 53.0384 3.1142 3.8961
4 72 55.7113 4.07 3.8956 55.0773 3.8433 3.8956 51.648 2.617 3.7896 51.648 2.617 3.7545
3 72 56.3208 4.288 3.8954 55.7113 4.07 3.8956 51.648 2.617 3.7545
4 16 58.284 4.99 4.0651 58.284 4.99 4.1247 51.648 2.617 3.9807 51.648 2.617 3.8966
3 16 53.0384 3.1142 3.8961 58.284 4.99 4.0651 51.648 2.617 3.8966
4 72 56.9051 4.4969 3.8954 56.3208 4.288 3.8954 51.648 2.617 3.7545 51.648 2.617 3.7236
3 72 57.4633 4.6965 3.8951 56.9051 4.4969 3.8954 51.648 2.617 3.7236
4 16 58.284 4.99 9.75 54.8627 3.7666 9.75 51.648 2.617 7.0737 51.648 2.617 3.9807
3 16 58.284 4.99 4.1247 58.284 4.99 9.75 51.648 2.617 3.9807
4 72 58.284 4.99 2.3381 58.284 4.99 3.8227 51.648 2.617 3.6389 51.648 2.617 2.3381
4 72 58.284 4.99 3.8227 58.284 4.99 3.8405 51.648 2.617 3.6545 51.648 2.617 3.6389
4 72 58.284 4.99 3.8405 58.284 4.99 3.8887 51.648 2.617 3.6968 51.648 2.617 3.6545
4 72 58.284 4.99 0.4987 58.284 4.99 0.9865 51.648 2.617 0.986 51.648 2.617 0.5873
4 72 58.284 4.99 0.1776 58.284 4.99 0.4987 51.648 2.617 0.5873 51.648 2.617 -0.4008
4 72 58.284 4.99 -0.5877 58.284 4.99 0.1776 51.648 2.617 -0.4008 51.648 2.617 -0.5877
4 72 58.284 4.99 -2.7673 58.284 4.99 -2.075 51.648 2.617 -2.0756 51.648 2.617 -3.3335
4 72 58.284 4.99 -3.6323 58.284 4.99 -2.7673 51.648 2.617 -3.3335 51.648 2.617 -3.6317
4 16 58.284 4.99 0.9865 58.284 4.99 2.3381 51.648 2.617 2.3381 51.648 2.617 0.986
4 16 58.284 4.99 -8.8237 58.284 4.99 -3.6455 51.648 2.617 -3.6426 51.648 2.617 -7.738
4 16 58.284 4.99 -9.75 58.284 4.99 -8.8237 51.648 2.617 -7.738 51.648 2.617 -9.75
4 16 58.284 4.99 -3.6445 58.284 4.99 -3.6408 51.648 2.617 -3.6379 51.648 2.617 -3.6405
4 16 58.284 4.99 -3.6455 58.284 4.99 -3.6445 51.648 2.617 -3.6405 51.648 2.617 -3.6426
4 16 58.284 4.99 -3.6408 58.284 4.99 -3.6407 51.648 2.617 -3.6378 51.648 2.617 -3.6379
4 15 51.648 3.117 -9.75 51.648 3.117 9.75 58.284 5.49 9.75 58.284 5.49 -9.75
2 24 58.284 5.49 -9.75 51.648 3.117 -9.75
2 24 51.648 3.117 9.75 58.284 5.49 9.75
4 15 51.648 3.117 9.75 51.648 2.617 9.75 58.284 4.99 9.75 58.284 5.49 9.75
4 15 51.648 2.617 -9.75 51.648 3.117 -9.75 58.284 5.49 -9.75 58.284 4.99 -9.75
2 24 58.284 5.49 -9.75 51.648 3.117 -9.75
2 24 51.648 3.117 9.75 58.284 5.49 9.75
4 16 58.284 4.99 -2.0749 58.284 4.99 -0.5877 51.648 2.617 -0.5877 51.648 2.617 -1.1498
3 16 55.1774 3.8791 -2.0752 58.284 4.99 -2.0749 51.648 2.617 -1.1498
3 16 55.7113 4.07 3.8956 55.0854 3.8462 3.8959 55.0773 3.8433 3.8956
4 16 58.284 4.99 -3.6322 56.8024 4.4602 -3.6321 51.648 2.617 -3.6321 51.648 2.617 -3.6378
3 16 58.284 4.99 -3.6407 58.284 4.99 -3.6322 51.648 2.617 -3.6378
4 72 57.9942 4.8864 3.8951 57.4633 4.6965 3.8951 51.648 2.617 3.7236 51.648 2.617 3.6968
4 72 58.284 4.99 3.8887 58.284 4.99 3.895 57.9942 4.8864 3.8951 51.648 2.617 3.6968
4 16 55.0773 3.8433 3.8956 58.284 4.99 3.9947 58.284 4.99 4.0651 53.0467 3.1172 3.8964
3 16 56.9051 4.4969 3.8954 56.3292 4.291 3.8956 56.3208 4.288 3.8954
4 16 56.3208 4.288 3.8954 58.284 4.99 3.9546 58.284 4.99 3.9947 55.0854 3.8462 3.8959
4 16 57.4633 4.6965 3.8951 58.284 4.99 3.9193 58.284 4.99 3.9546 56.3292 4.291 3.8956
3 16 57.9942 4.8864 3.8951 57.4718 4.6996 3.8954 57.4633 4.6965 3.8951
3 16 58.284 4.99 3.895 58.284 4.99 3.9193 57.4718 4.6996 3.8954
3 72 58.4882 5.0887 3.8949 58.284 4.99 3.895 58.284 4.99 3.8887
4 16 59.9587 5.7996 -2.0748 59.1182 5.3933 -0.5877 58.284 4.99 -0.5877 58.284 4.99 -2.0749
3 16 59.7632 5.7051 3.8949 58.5157 5.102 3.8957 58.4882 5.0887 3.8949
4 72 59.7632 5.7051 3.8949 58.4882 5.0887 3.8949 58.284 4.99 3.8887 58.284 4.99 3.8405
3 72 60.1292 5.8821 3.8946 59.7632 5.7051 3.8949 58.284 4.99 3.8405
4 72 60.2509 5.9409 -2.5918 59.9587 5.7996 -2.0748 58.284 4.99 -2.075 58.284 4.99 -2.7673
4 72 59.993 5.8162 -3.3101 60.2509 5.9409 -2.5918 58.284 4.99 -2.7673 58.284 4.99 -3.6323
3 72 59.6227 5.6372 -3.6324 59.993 5.8162 -3.3101 58.284 4.99 -3.6323
3 72 61.3386 6.4667 0.4561 58.284 4.99 0.4987 58.284 4.99 0.1776
4 72 60.7679 6.1908 3.8946 60.1292 5.8821 3.8946 58.284 4.99 3.8405 58.284 4.99 3.8227
4 16 61.0466 6.3255 0.9867 60.303 5.9661 2.3381 58.284 4.99 2.3381 58.284 4.99 0.9865
4 72 61.3386 6.4667 0.4561 61.0466 6.3255 0.9867 58.284 4.99 0.9865 58.284 4.99 0.4987
4 72 61.0807 6.342 -0.2476 61.3386 6.4667 0.4561 58.284 4.99 0.1776 58.284 4.99 -0.5877
3 72 60.6991 6.1576 -0.5877 61.0807 6.342 -0.2476 58.284 4.99 -0.5877
3 16 63.6974 7.607 4.2475 58.284 4.99 4.1247 58.284 4.99 4.0651
3 16 63.6974 7.607 -9.75 58.284 4.99 -8.8237 58.284 4.99 -9.75
3 16 63.6974 7.607 -3.6479 58.284 4.99 -3.6445 58.284 4.99 -3.6455
3 16 63.6974 7.607 -3.6432 58.284 4.99 -3.6407 58.284 4.99 -3.6408
3 16 60.2509 5.9409 -2.5918 60.9704 6.2887 -0.5877 59.1182 5.3933 -0.5877
3 16 60.9367 6.2724 -3.6173 59.9507 5.7957 -3.3469 59.6394 5.6452 -3.6179
4 72 62.4154 6.9873 3.531 60.7679 6.1908 3.8946 58.284 4.99 3.8227 58.284 4.99 2.3381
3 72 61.7646 6.6726 2.3381 62.4154 6.9873 3.531 58.284 4.99 2.3381
4 16 63.6974 7.607 4.0525 63.6974 7.607 4.0863 58.284 4.99 3.9193 58.284 4.99 3.895
3 16 58.4882 5.0887 3.8949 63.6974 7.607 4.0525 58.284 4.99 3.895
4 16 63.6974 7.607 4.0863 63.6974 7.607 4.1253 58.284 4.99 3.9546 58.284 4.99 3.9193
4 16 63.6974 7.607 4.1253 63.6974 7.607 4.1697 58.284 4.99 3.9947 58.284 4.99 3.9546
4 16 63.6974 7.607 4.1697 63.6974 7.607 4.2475 58.284 4.99 4.0651 58.284 4.99 3.9947
4 16 63.6974 7.607 4.2475 63.6974 7.607 9.75 58.284 4.99 9.75 58.284 4.99 4.1247
4 16 63.6974 7.607 -9.75 63.6974 7.607 -3.6479 58.284 4.99 -3.6455 58.284 4.99 -8.8237
4 16 63.6974 7.607 -3.6479 63.6974 7.607 -3.6432 58.284 4.99 -3.6408 58.284 4.99 -3.6445
4 16 63.6974 7.607 -3.6432 63.6974 7.607 -3.6327 58.284 4.99 -3.6322 58.284 4.99 -3.6407
4 15 58.284 5.49 -9.75 58.284 5.49 9.75 63.6974 8.107 9.75 63.6974 8.107 -9.75
2 24 63.6974 8.107 -9.75 58.284 5.49 -9.75
2 24 58.284 5.49 9.75 63.6974 8.107 9.75
4 15 58.284 5.49 9.75 58.284 4.99 9.75 63.6974 7.607 9.75 63.6974 8.107 9.75
4 15 58.284 4.99 -9.75 58.284 5.49 -9.75 63.6974 8.107 -9.75 63.6974 7.607 -9.75
2 24 63.6974 8.107 -9.75 58.284 5.49 -9.75
2 24 58.284 5.49 9.75 63.6974 8.107 9.75
3 16 61.5734 6.5802 3.8951 60.8087 6.2105 3.8958 60.7679 6.1908 3.8946
3 16 61.3386 6.4667 0.4561 62.0283 6.8001 2.3381 60.303 5.9661 2.3381
3 16 63.1214 7.3286 -0.5877 60.9704 6.2887 -0.5877 59.993 5.8162 -3.3101
4 16 60.1292 5.8821 3.8946 63.6974 7.607 3.9992 63.6974 7.607 4.0525 58.5157 5.102 3.8957
3 16 60.9367 6.2724 -3.6173 63.6974 7.607 -3.6161 59.9507 5.7957 -3.3469
4 16 63.6974 7.607 -3.6327 63.6974 7.607 -3.6321 59.623 5.6373 -3.6321 59.6227 5.6372 -3.6324
4 16 63.6974 7.607 -3.6321 63.6974 7.607 -3.6161 59.6394 5.6452 -3.6179 59.623 5.6373 -3.6321
3 16 62.1111 6.8401 3.8946 62.0792 6.8247 3.9326 60.8087 6.2105 3.8958
4 72 62.4154 6.9873 3.531 62.1111 6.8401 3.8946 61.5734 6.5802 3.8951 60.7679 6.1908 3.8946
4 16 60.7679 6.1908 3.8946 63.6974 7.607 3.9795 63.6974 7.607 3.9992 60.1292 5.8821 3.8946
4 72 62.1347 6.8515 2.6781 62.3926 6.9762 3.3679 62.4154 6.9873 3.531 61.7646 6.6726 2.3381
3 16 62.4154 6.9873 3.531 62.4731 7.0152 3.944 62.0792 6.8247 3.9326
3 16 62.6094 7.081 3.948 62.4731 7.0152 3.944 62.3926 6.9762 3.3679
4 16 63.6974 7.607 -3.6161 63.6974 7.607 -0.5877 63.1214 7.3286 -0.5877 59.9507 5.7957 -3.3469
4 16 63.6974 7.607 2.084 63.6974 7.607 2.3381 62.0283 6.8001 2.3381 61.0807 6.342 -0.2476
3 16 63.6974 7.607 -0.5877 63.6974 7.607 2.084 60.6991 6.1576 -0.5877
3 16 63.5464 7.534 3.9751 62.6094 7.081 3.948 62.1347 6.8515 2.6781
4 16 63.6974 7.607 2.3381 63.6974 7.607 3.9795 63.5464 7.534 3.9751 61.7646 6.6726 2.3381
2 24 63.6974 8.107 9.75 63.6974 8.107 -9.75
4 15 63.6974 7.607 -9.75 63.6974 8.107 -9.75 63.6974 8.107 9.75 63.6974 7.607 9.75
2 24 63.6974 8.107 9.75 63.6974 8.107 -9.75
2 24 63.6974 8.107 -9.75 63.6974 7.607 -9.75
2 24 63.6974 8.107 9.75 63.6974 7.607 9.75
3 16 0 -0.5 0.817 -0.2535 -0.5 0.6216 0 -0.5 0.8161
3 16 0 -0.5 -8.9254 -0.3289 -0.5 -9.75 0 -0.5 -8.9269
3 16 0 -0.5 -8.9269 -0.3289 -0.5 -9.75 0 -0.5 -9.75
4 16 0 -0.5 3.149 -0.4209 -0.5 2.818 -0.5254 -0.5 2.7098 0 -0.5 3.1216
4 72 0 -0.5 0.8227 -1.0266 -0.5 0.0285 -0.2535 -0.5 0.6216 0 -0.5 0.817
3 16 0 -0.5 0.8161 -1.0266 -0.5 0.0285 0 -0.5 0.8132
3 16 -0.5739 -0.5 2.6718 -0.5254 -0.5 2.7098 -0.4209 -0.5 2.818
3 16 0 -0.5 0.8132 -1.7983 -0.5 -0.5614 0 -0.5 0.8097
3 16 -2.5467 -0.5 -1.132 0 -0.5 0.8056 0 -0.5 0.8097
3 16 -1.2607 -0.5 2.1348 -1.2628 -0.5 2.1326 -0.5739 -0.5 2.6718
4 72 -2.5467 -0.5 -1.132 -1.7983 -0.5 -0.5614 -1.0266 -0.5 0.0285 0 -0.5 0.8227
3 72 0 -0.5 0.8293 -2.5467 -0.5 -1.132 0 -0.5 0.8227
3 16 -3.2496 -0.5 -1.6668 0 -0.5 0.8009 0 -0.5 0.8056
3 16 0 -0.5 0.8009 -3.8854 -0.5 -2.1496 0 -0.5 -0.045
3 16 -1.6843 -0.5 1.803 -1.2628 -0.5 2.1326 -1.2607 -0.5 2.1348
3 72 0 -0.5 3.0905 -5.1702 -0.5 -3.1263 0 -0.5 0.8362
4 72 -3.8854 -0.5 -2.1496 -3.2496 -0.5 -1.6668 -2.5467 -0.5 -1.132 0 -0.5 0.8293
3 72 0 -0.5 0.8336 -3.8854 -0.5 -2.1496 0 -0.5 0.8293
4 72 0 -0.5 0.8349 -4.4319 -0.5 -2.5647 -3.8854 -0.5 -2.1496 0 -0.5 0.8336
3 16 -2.9667 -0.5 0.8005 -2.0923 -0.5 1.4839 -1.6843 -0.5 1.803
4 72 0 -0.5 0.8358 -4.8676 -0.5 -2.8957 -4.4319 -0.5 -2.5647 0 -0.5 0.8349
4 16 -3.8402 -0.5 0.118 -2.9667 -0.5 0.8005 -1.6843 -0.5 1.803 -1.2607 -0.5 2.1348
4 72 0 -0.5 0.8362 -5.1702 -0.5 -3.1263 -4.8676 -0.5 -2.8957 0 -0.5 0.8358
4 72 -0.5254 -0.5 2.7098 -6.7116 -0.5 -3.7013 -5.9116 -0.5 -3.567 0 -0.5 3.0961
3 72 0 -0.5 3.1216 -0.5254 -0.5 2.7098 0 -0.5 3.0961
4 16 -6.2406 -0.5 -1.7575 -3.8402 -0.5 0.118 -0.5739 -0.5 2.6718 -0.4209 -0.5 2.818
3 72 -1.2628 -0.5 2.1326 -6.7116 -0.5 -3.7013 -0.5254 -0.5 2.7098
4 72 -5.9116 -0.5 -3.567 -5.3179 -0.5 -3.2404 -5.1702 -0.5 -3.1263 0 -0.5 3.0905
3 72 0 -0.5 3.0961 -5.9116 -0.5 -3.567 0 -0.5 3.0905
3 72 -2.0923 -0.5 1.4839 -6.7116 -0.5 -3.7013 -1.2628 -0.5 2.1326
4 16 0 -0.5 4.6457 -7.0907 -0.5 -1.8894 -6.5614 -0.5 -2.0097 0 -0.5 3.149
4 16 -3.8854 -0.5 -2.1496 -13.7844 -0.5 -9.75 -0.3289 -0.5 -9.75 0 -0.5 -8.9254
3 16 0 -0.5 -0.045 -3.8854 -0.5 -2.1496 0 -0.5 -8.9254
3 72 -2.9667 -0.5 0.8005 -6.5614 -0.5 -2.0097 -2.0923 -0.5 1.4839
3 72 -3.8402 -0.5 0.118 -6.5614 -0.5 -2.0097 -2.9667 -0.5 0.8005
4 16 -9.1529 -0.5 2.6805 -8.7737 -0.5 1.8393 -7.0907 -0.5 -1.8894 0 -0.5 4.6457
3 16 0 -0.5 7.0849 -9.1529 -0.5 2.6805 0 -0.5 4.6457
4 72 -4.6657 -0.5 -0.527 -5.397 -0.5 -1.0986 -6.3915 -0.5 -1.8761 -3.8402 -0.5 0.118
3 72 -6.5614 -0.5 -2.0097 -6.7116 -0.5 -3.7013 -2.0923 -0.5 1.4839
4 16 -5.1702 -0.5 -3.1263 -5.3179 -0.5 -3.2404 -5.3154 -0.5 -3.2391 -4.8676 -0.5 -2.8958
3 72 -6.3915 -0.5 -1.8761 -6.5614 -0.5 -2.0097 -3.8402 -0.5 0.118
3 16 -5.9116 -0.5 -3.567 -5.6985 -0.5 -3.5313 -5.3219 -0.5 -3.2426
3 16 -6.2406 -0.5 -1.7575 -6.3242 -0.5 -1.8232 -4.6657 -0.5 -0.527
3 16 -6.3242 -0.5 -1.8232 -6.3763 -0.5 -1.8642 -5.397 -0.5 -1.0986
4 16 -11.9365 -0.5 9.75 -9.4293 -0.5 3.2953 -9.1529 -0.5 2.6805 0 -0.5 7.0849
3 16 0 -0.5 9.75 -11.9365 -0.5 9.75 0 -0.5 7.0849
3 16 -6.7116 -0.5 -3.7013 -5.9204 -0.5 -3.7013 -5.6985 -0.5 -3.5313
3 16 -6.3763 -0.5 -1.8642 -6.3915 -0.5 -1.8761 -5.9878 -0.5 -1.5605
3 72 -7.0964 -0.5 -1.8881 -6.7116 -0.5 -3.7013 -6.5614 -0.5 -2.0097
3 16 -8.1683 -0.5 -3.7013 -6.3085 -0.5 -3.9988 -5.9204 -0.5 -3.7013
3 16 -7.3537 -0.5 -1.3068 -7.0964 -0.5 -1.8881 -7.0907 -0.5 -1.8894
3 16 -7.3537 -0.5 -1.3068 -7.6706 -0.5 -0.6047 -7.2347 -0.5 -1.5756
4 72 -7.2347 -0.5 -1.5756 -7.5218 -0.5 -0.936 -7.9078 -0.5 -0.0797 -7.0964 -0.5 -1.8881
3 72 -7.0964 -0.5 -1.8881 -9.1529 -0.5 2.6805 -6.7116 -0.5 -3.7013
3 16 -7.6706 -0.5 -0.6047 -8.1285 -0.5 0.4098 -7.5218 -0.5 -0.936
4 72 -7.9078 -0.5 -0.0797 -8.3417 -0.5 0.8824 -8.7737 -0.5 1.8393 -7.0964 -0.5 -1.8881
3 16 -8.1285 -0.5 0.4098 -8.3417 -0.5 0.8824 -7.9078 -0.5 -0.0797
4 72 -9.3033 -0.5 -3.1195 -8.8754 -0.5 -3.5882 -8.1683 -0.5 -3.7013 -6.7116 -0.5 -3.7013
3 72 -8.7737 -0.5 1.8393 -9.1529 -0.5 2.6805 -7.0964 -0.5 -1.8881
3 72 -9.1529 -0.5 2.6805 -9.4293 -0.5 3.2953 -6.7116 -0.5 -3.7013
3 16 -8.8754 -0.5 -3.5882 -8.7475 -0.5 -3.7284 -8.6209 -0.5 -3.6289
4 72 -9.7724 -0.5 -2.135 -9.4649 -0.5 -2.7812 -9.3033 -0.5 -3.1195 -6.7116 -0.5 -3.7013
4 72 -9.4293 -0.5 3.2953 -9.5519 -0.5 3.5724 -9.9856 -0.5 3.9085 -6.7116 -0.5 -3.7013
4 16 -4.4319 -0.5 -2.5647 -13.7988 -0.5 -9.75 -13.7844 -0.5 -9.75 -3.8854 -0.5 -2.1496
3 16 -9.3033 -0.5 -3.1195 -8.9401 -0.5 -3.8799 -8.7475 -0.5 -3.7284
3 16 -9.4649 -0.5 -2.7812 -8.9415 -0.5 -3.881 -8.9401 -0.5 -3.8799
3 16 -9.7724 -0.5 -2.135 -8.9422 -0.5 -3.8815 -8.9415 -0.5 -3.881
4 16 -4.8676 -0.5 -2.8958 -13.8086 -0.5 -9.75 -13.7988 -0.5 -9.75 -4.4319 -0.5 -2.5647
4 72 -10.6522 -0.5 -0.2835 -10.1826 -0.5 -1.2721 -9.7724 -0.5 -2.135 -6.7116 -0.5 -3.7013
3 16 -10.1826 -0.5 -1.2721 -8.9429 -0.5 -3.8821 -8.9422 -0.5 -3.8815
3 16 -10.6522 -0.5 -0.2835 -8.944 -0.5 -3.8829 -8.9429 -0.5 -3.8821
4 16 -5.3219 -0.5 -3.2426 -13.8126 -0.5 -9.75 -13.8086 -0.5 -9.75 -5.3154 -0.5 -3.2391
3 16 -11.1376 -0.5 0.7395 -8.9442 -0.5 -3.8831 -8.944 -0.5 -3.8829
4 72 -9.9856 -0.5 3.9085 -10.5672 -0.5 3.9088 -11.4889 -0.5 3.9088 -6.7116 -0.5 -3.7013
3 16 -11.5962 -0.5 1.706 -8.9462 -0.5 -3.8847 -8.9442 -0.5 -3.8831
3 16 -11.9842 -0.5 2.5245 -8.9504 -0.5 -3.888 -8.9462 -0.5 -3.8847
3 16 -12.2586 -0.5 3.1044 -8.9658 -0.5 -3.9001 -8.9504 -0.5 -3.888
4 72 -11.9842 -0.5 2.5245 -11.5962 -0.5 1.706 -10.6522 -0.5 -0.2835 -6.7116 -0.5 -3.7013
3 16 -10.7929 -0.5 6.3133 -11.4657 -0.5 5.0557 -9.558 -0.5 3.5772
4 72 -11.4889 -0.5 3.9088 -12.0795 -0.5 3.9085 -12.376 -0.5 3.3542 -6.7116 -0.5 -3.7013
4 72 -12.376 -0.5 3.3542 -12.2586 -0.5 3.1044 -11.9842 -0.5 2.5245 -6.7116 -0.5 -3.7013
4 16 -12.2847 -0.5 9.75 -12.3401 -0.5 9.75 -9.5567 -0.5 3.5761 -9.5519 -0.5 3.5724
4 16 -12.3401 -0.5 9.75 -12.344 -0.5 9.75 -9.558 -0.5 3.5772 -9.5567 -0.5 3.5761
3 16 -11.4657 -0.5 5.0557 -12.079 -0.5 3.9094 -9.9856 -0.5 3.9085
4 16 -8.4919 -0.5 -3.6496 -16.149 -0.5 -9.75 -13.8126 -0.5 -9.75 -6.3085 -0.5 -3.9988
3 16 -11.9365 -0.5 9.75 -12.2847 -0.5 9.75 -9.4293 -0.5 3.2953
3 16 -12.079 -0.5 3.9094 -12.0793 -0.5 3.9088 -10.5672 -0.5 3.9088
3 16 -12.0793 -0.5 3.9088 -12.0795 -0.5 3.9085 -11.4889 -0.5 3.9088
4 16 -10.915 -0.5 6.5838 -13.1411 -0.5 4.6548 -14.0567 -0.5 1.9431 -10.7929 -0.5 6.3133
4 16 -8.6209 -0.5 -3.6289 -16.4064 -0.5 -9.75 -16.149 -0.5 -9.75 -8.4919 -0.5 -3.6496
3 16 -14.0567 -0.5 1.9431 -12.96 -0.5 2.2626 -10.7929 -0.5 6.3133
4 16 -12.376 -0.5 3.3542 -14.6856 -0.5 -0.9629 -15.093 -0.5 -3.6463 -9.0852 -0.5 -3.6463
4 16 -11.0543 -0.5 6.8924 -15.6079 -0.5 5.0772 -15.9772 -0.5 4.0382 -10.915 -0.5 6.5838
4 16 -9.0852 -0.5 -3.6463 -16.1211 -0.5 -3.6463 -19.3865 -0.5 -9.75 -8.9658 -0.5 -3.9001
4 16 -14.0567 -0.5 1.9431 -14.1492 -0.5 1.6692 -13.0678 -0.5 2.0611 -12.96 -0.5 2.2626
3 16 -13.8654 -0.5 4.0272 -13.9831 -0.5 2.1611 -13.1411 -0.5 4.6548
3 16 -15.9772 -0.5 4.0382 -14.3432 -0.5 3.6131 -10.915 -0.5 6.5838
4 16 -13.7064 -0.5 1.8296 -14.9827 -0.5 0.1002 -13.5738 -0.5 1.1153 -13.0678 -0.5 2.0611
3 72 -14.1631 -0.5 1.628 -13.9831 -0.5 2.1611 -13.9347 -0.5 2.9287
3 16 -14.3422 -0.5 3.6139 -13.9347 -0.5 2.9287 -13.8654 -0.5 4.0272
3 16 -14.1091 -0.5 1.6837 -14.6311 -0.5 0.5767 -13.7064 -0.5 1.8296
3 16 -14.1492 -0.5 1.6692 -14.1631 -0.5 1.628 -14.1453 -0.5 1.6706
3 16 -14.1453 -0.5 1.6706 -14.3784 -0.5 1.1125 -14.1091 -0.5 1.6837
4 72 -14.6311 -0.5 0.5767 -14.3784 -0.5 1.1125 -14.1631 -0.5 1.628 -13.9347 -0.5 2.9287
3 16 -14.3422 -0.5 3.6139 -14.3432 -0.5 3.6131 -14.3415 -0.5 3.6126
3 16 -15.4855 -0.5 -0.262 -14.0312 -0.5 0.2604 -13.5738 -0.5 1.1153
4 16 -15.8511 -0.5 -0.3934 -14.5637 -0.5 -0.159 -14.131 -0.5 0.0737 -14.0312 -0.5 0.2604
4 72 -15.4855 -0.5 -0.262 -14.9827 -0.5 0.1002 -14.6311 -0.5 0.5767 -13.9347 -0.5 2.9287
3 16 -19.3865 -0.5 -9.75 -16.4064 -0.5 -9.75 -8.9658 -0.5 -3.9001
4 15 0 0 -9.75 -30 0 -9.75 -30 0 9.75 0 0 9.75
2 24 0 0 -9.75 -30 0 -9.75
2 24 -30 0 9.75 0 0 9.75
4 15 0 -0.5 9.75 0 0 9.75 -30 0 9.75 -30 -0.5 9.75
4 15 0 0 -9.75 0 -0.5 -9.75 -30 -0.5 -9.75 -30 0 -9.75
2 24 0 0 -9.75 -30 0 -9.75
2 24 -30 0 9.75 0 0 9.75
3 16 -15.6342 -0.5 -2.7361 -14.9818 -0.5 -2.914 -14.6856 -0.5 -0.9629
4 16 -15.8511 -0.5 -0.3934 -16.1274 -0.5 -0.4926 -14.9531 -0.5 -0.3685 -14.5637 -0.5 -0.159
4 72 -15.4787 -0.5 3.9085 -15.8318 -0.5 3.9085 -16.7503 -0.5 1.8632 -14.3415 -0.5 3.6126
4 72 -16.8975 -0.5 -0.574 -16.1274 -0.5 -0.4926 -15.4855 -0.5 -0.262 -13.9347 -0.5 2.9287
3 16 -15.9772 -0.5 4.0382 -16.0233 -0.5 3.9085 -15.4787 -0.5 3.9085
4 72 -14.3415 -0.5 3.6126 -16.9229 -0.5 1.3777 -18.2699 -0.5 -0.5738 -13.9347 -0.5 2.9287
3 72 -16.7503 -0.5 1.8632 -16.9229 -0.5 1.3777 -14.3415 -0.5 3.6126
3 16 -17.1869 -0.5 -2.3125 -15.6342 -0.5 -2.7361 -15.3294 -0.5 -2.1664
4 16 -18.1057 -0.5 -2.0642 -17.1905 -0.5 -2.3128 -15.3294 -0.5 -2.1664 -14.131 -0.5 0.0737
4 72 -15.9862 -0.5 -2.6401 -16.8059 -0.5 -2.4173 -17.4942 -0.5 -2.2303 -14.9818 -0.5 -2.914
4 16 -16.8897 -0.5 4.5662 -16.9663 -0.5 3.9074 -16.0233 -0.5 3.9083 -15.6079 -0.5 5.0772
4 72 -16.3343 -0.5 3.908 -16.9663 -0.5 3.9073 -17.1488 -0.5 2.3381 -15.8318 -0.5 3.9085
3 72 -17.1488 -0.5 2.3381 -16.7503 -0.5 1.8632 -15.8318 -0.5 3.9085
4 72 -18.2699 -0.5 -0.5738 -17.4653 -0.5 -0.574 -16.8975 -0.5 -0.574 -13.9347 -0.5 2.9287
3 16 -17.1869 -0.5 -2.3125 -17.1903 -0.5 -2.3128 -15.9862 -0.5 -2.6401
3 16 -16.8718 -0.5 -0.5713 -16.8284 -0.5 -0.5713 -16.7687 -0.5 -0.5604
4 72 -18.902 -0.5 -3.5685 -18.4313 -0.5 -3.6463 -15.093 -0.5 -3.6463 -14.9818 -0.5 -2.914
4 16 -16.8718 -0.5 -0.5713 -16.8929 -0.5 -0.5735 -16.8408 -0.5 -0.5735 -16.8284 -0.5 -0.5713
4 16 -16.8929 -0.5 -0.5735 -16.8975 -0.5 -0.574 -16.8435 -0.5 -0.574 -16.8408 -0.5 -0.5735
3 16 -18.4313 -0.5 -3.6463 -16.3087 -0.5 -3.9969 -16.1211 -0.5 -3.6463
3 16 -17.3653 -0.5 -0.574 -16.8443 -0.5 -0.5742 -16.8435 -0.5 -0.574
4 16 -17.1488 -0.5 2.3381 -17.2866 -0.5 1.153 -16.9229 -0.5 1.3777 -16.7503 -0.5 1.8632
3 16 -20.0175 -0.5 -1.5395 -16.6165 -0.5 -1.2632 -14.9531 -0.5 -0.3685
3 16 -17.3653 -0.5 -0.574 -17.4653 -0.5 -0.574 -16.8443 -0.5 -0.5742
3 16 -17.5556 -0.5 0.9868 -17.2866 -0.5 1.153 -17.1488 -0.5 2.3381
3 16 -18.532 -0.5 3.9058 -16.9663 -0.5 3.9073 -16.9541 -0.5 4.0126
3 16 -17.8622 -0.5 0.986 -17.5574 -0.5 0.9857 -17.557 -0.5 0.986
4 72 -17.4942 -0.5 -2.2303 -18.1059 -0.5 -2.0643 -20.1251 -0.5 -3.1505 -14.9818 -0.5 -2.914
4 16 -18.5476 -0.5 3.9053 -18.538 -0.5 3.9054 -16.9541 -0.5 4.0126 -16.8897 -0.5 4.5662
3 16 -18.1057 -0.5 -2.0642 -18.1059 -0.5 -2.0643 -17.4942 -0.5 -2.2303
3 72 -19.1746 -0.5 -0.5735 -18.2699 -0.5 -0.5738 -16.9229 -0.5 1.3777
4 16 -16.7687 -0.5 -0.5604 -20.8603 -0.5 -1.3053 -20.0175 -0.5 -1.5395 -14.9531 -0.5 -0.3685
3 16 -18.6942 -0.5 -1.9039 -18.1059 -0.5 -2.0643 -17.8239 -0.5 -1.9127
3 72 -17.8622 -0.5 0.986 -19.236 -0.5 0.986 -17.5574 -0.5 0.9857
3 16 -18.532 -0.5 3.9058 -18.538 -0.5 3.9054 -17.7076 -0.5 3.9066
4 16 -19.3133 -0.5 -1.7338 -18.6942 -0.5 -1.9039 -17.8239 -0.5 -1.9127 -17.3989 -0.5 -1.6841
4 16 -20.0175 -0.5 -1.5395 -19.3133 -0.5 -1.7338 -17.3989 -0.5 -1.6841 -16.6165 -0.5 -1.2632
4 72 -20.1251 -0.5 -3.1505 -19.4379 -0.5 -3.3896 -18.902 -0.5 -3.5685 -14.9818 -0.5 -2.914
4 72 -17.5574 -0.5 0.9857 -20.0422 -0.5 -0.5735 -19.1746 -0.5 -0.5735 -16.9229 -0.5 1.3777
4 16 -20.1778 -0.5 0.9862 -19.236 -0.5 0.986 -17.557 -0.5 0.986 -17.5556 -0.5 0.9868
3 16 -18.902 -0.5 -3.5685 -18.7107 -0.5 -3.6324 -18.5154 -0.5 -3.6324
3 16 -19.4059 -0.5 -3.4003 -18.7377 -0.5 -3.6324 -18.7107 -0.5 -3.6324
3 16 -20.3829 -0.5 3.9029 -18.5476 -0.5 3.9053 -18.1406 -0.5 4.0676
4 16 -19.4059 -0.5 -3.4003 -19.4379 -0.5 -3.3896 -18.7402 -0.5 -3.6324 -18.7377 -0.5 -3.6324
4 16 -19.1746 -0.5 -0.5735 -20.0422 -0.5 -0.5735 -20.337 -0.5 -0.5738 -16.8445 -0.5 -0.5742
3 72 -20.7357 -0.5 -0.574 -20.0422 -0.5 -0.5735 -17.5574 -0.5 0.9857
4 16 -12.344 -0.5 9.75 -26.1497 -0.5 9.75 -28.422 -0.5 3.8956 -11.0543 -0.5 6.8924
4 16 -22.3445 -0.5 3.9002 -20.3853 -0.5 3.9027 -18.1406 -0.5 4.0676 -17.5986 -0.5 4.2836
4 16 -20.337 -0.5 -0.5738 -21.0835 -0.5 -0.8443 -20.8603 -0.5 -1.3053 -16.8445 -0.5 -0.5742
3 16 -20.3829 -0.5 3.9029 -20.3853 -0.5 3.9027 -19.4372 -0.5 3.9041
4 72 -18.6942 -0.5 -1.9039 -23.8635 -0.5 -1.852 -20.1251 -0.5 -3.1505 -18.1059 -0.5 -2.0643
3 72 -20.1778 -0.5 0.9862 -21.2052 -0.5 0.986 -19.236 -0.5 0.986
4 16 -25.0106 -0.5 0.986 -21.2052 -0.5 0.986 -17.5556 -0.5 0.9868 -17.1488 -0.5 2.3381
4 16 -24.2625 -0.5 3.8976 -22.3474 -0.5 3.9 -17.5986 -0.5 4.2836 -16.9173 -0.5 4.5552
3 16 -20.1251 -0.5 -3.1505 -20.8522 -0.5 -2.8982 -20.0557 -0.5 -3.1746
4 16 -28.422 -0.5 3.8956 -26.6962 -0.5 3.8956 -15.7066 -0.5 5.0378 -11.0543 -0.5 6.8924
3 72 -19.3133 -0.5 -1.7338 -23.8635 -0.5 -1.852 -18.6942 -0.5 -1.9039
3 16 -20.7357 -0.5 -0.574 -21.0835 -0.5 -0.8443 -20.337 -0.5 -0.5738
3 72 -23.8635 -0.5 -1.852 -20.7357 -0.5 -0.574 -17.5574 -0.5 0.9857
4 16 -25.97 -0.5 3.8962 -24.2629 -0.5 3.8976 -16.9173 -0.5 4.5552 -16.1203 -0.5 4.8729
4 72 -19.236 -0.5 0.986 -23.2633 -0.5 0.986 -24.167 -0.5 0.9857 -17.5574 -0.5 0.9857
3 72 -20.0175 -0.5 -1.5395 -23.8635 -0.5 -1.852 -19.3133 -0.5 -1.7338
4 16 -26.6962 -0.5 3.8956 -25.9706 -0.5 3.8961 -16.1203 -0.5 4.8729 -15.7066 -0.5 5.0378
3 72 -20.8603 -0.5 -1.3053 -23.8635 -0.5 -1.852 -20.0175 -0.5 -1.5395
4 72 -23.8635 -0.5 -1.852 -21.6044 -0.5 -2.6371 -20.8522 -0.5 -2.8982 -20.1251 -0.5 -3.1505
4 16 -21.6044 -0.5 -2.6371 -22.3672 -0.5 -2.3727 -21.5522 -0.5 -2.656 -21.5505 -0.5 -2.6559
3 72 -23.8635 -0.5 -1.852 -21.0835 -0.5 -0.8443 -20.7357 -0.5 -0.574
3 72 -21.0835 -0.5 -0.8443 -23.8635 -0.5 -1.852 -20.8603 -0.5 -1.3053
4 16 -22.4794 -0.5 2.3381 -23.3584 -0.5 1.9877 -25.0106 -0.5 0.986 -17.1488 -0.5 2.3381
3 16 -22.3445 -0.5 3.9002 -22.3474 -0.5 3.9 -21.3621 -0.5 3.9015
3 16 -23.125 -0.5 -2.1092 -21.554 -0.5 -2.6562 -21.5522 -0.5 -2.656
3 16 -23.8635 -0.5 -1.852 -21.5639 -0.5 -2.6569 -21.554 -0.5 -2.6562
3 16 -24.5675 -0.5 -1.6056 -21.5816 -0.5 -2.6583 -21.5639 -0.5 -2.6569
4 72 -18.538 -0.5 3.9054 -30 -0.5 3.1292 -30 -0.5 3.0798 -16.9663 -0.5 3.9073
3 72 -17.7076 -0.5 3.9066 -18.538 -0.5 3.9054 -16.9663 -0.5 3.9073
4 72 -23.8635 -0.5 -1.852 -23.125 -0.5 -2.1092 -22.3672 -0.5 -2.3727 -21.6044 -0.5 -2.6371
4 72 -25.2222 -0.5 -1.3747 -24.5675 -0.5 -1.6056 -23.8635 -0.5 -1.852 -17.5574 -0.5 0.9857
3 16 -25.2222 -0.5 -1.3747 -21.6083 -0.5 -2.6604 -21.5816 -0.5 -2.6583
4 72 -30 -0.5 3.0798 -30 -0.5 2.3381 -17.1488 -0.5 2.3381 -16.9663 -0.5 3.9073
4 72 -20.3853 -0.5 3.9027 -30 -0.5 3.1963 -30 -0.5 3.1292 -18.538 -0.5 3.9054
3 72 -19.4372 -0.5 3.9041 -20.3853 -0.5 3.9027 -18.538 -0.5 3.9054
4 16 -18.4861 -0.5 -3.6372 -30 -0.5 -3.6341 -30 -0.5 -6.1552 -16.3087 -0.5 -3.9969
4 72 -26.3241 -0.5 -0.9799 -25.8128 -0.5 -1.1646 -25.2222 -0.5 -1.3747 -17.5574 -0.5 0.9857
4 72 -25.6165 -0.5 0.9857 -26.0403 -0.5 0.7015 -26.2811 -0.5 0.1233 -17.5574 -0.5 0.9857
4 16 -30 -0.5 -6.1552 -30 -0.5 -9.75 -19.3865 -0.5 -9.75 -16.3087 -0.5 -3.9969
4 16 -21.5504 -0.5 -2.6559 -30 -0.5 -3.3208 -30 -0.5 -3.6324 -18.7402 -0.5 -3.6324
3 16 -20.0557 -0.5 -3.1746 -21.5504 -0.5 -2.6559 -18.7402 -0.5 -3.6324
4 72 -26.2811 -0.5 0.1233 -26.5131 -0.5 -0.4629 -26.3241 -0.5 -0.9799 -17.5574 -0.5 0.9857
4 16 -18.5154 -0.5 -3.6324 -30 -0.5 -3.6324 -30 -0.5 -3.6341 -18.4861 -0.5 -3.6372
4 16 -25.0106 -0.5 0.986 -25.011 -0.5 0.9857 -24.167 -0.5 0.9857 -23.2633 -0.5 0.986
3 16 -25.8719 -0.5 0.9857 -25.011 -0.5 0.9857 -23.3584 -0.5 1.9877
4 72 -22.3474 -0.5 3.9 -30 -0.5 3.2818 -30 -0.5 3.1963 -20.3853 -0.5 3.9027
3 72 -21.3621 -0.5 3.9015 -22.3474 -0.5 3.9 -20.3853 -0.5 3.9027
3 16 -25.8128 -0.5 -1.1646 -25.3265 -0.5 -1.3404 -25.3223 -0.5 -1.3392
3 16 -25.97 -0.5 3.8962 -25.9706 -0.5 3.8961 -25.1528 -0.5 3.8968
3 16 -26.3241 -0.5 -0.9799 -26.109 -0.5 -1.5684 -25.3265 -0.5 -1.3404
4 72 -24.2629 -0.5 3.8976 -30 -0.5 3.384 -30 -0.5 3.2818 -22.3474 -0.5 3.9
3 72 -23.3211 -0.5 3.8988 -24.2629 -0.5 3.8976 -22.3474 -0.5 3.9
3 16 -26.233 -0.5 0.2449 -26.2811 -0.5 0.1233 -26.2296 -0.5 0.2469
3 16 -26.5131 -0.5 -0.4629 -27.0602 -0.5 -1.8455 -26.109 -0.5 -1.5684
4 16 -25.3223 -0.5 -1.3392 -30 -0.5 -2.702 -30 -0.5 -3.3207 -21.6083 -0.5 -2.6604
4 16 -26.1512 -0.5 9.75 -28.4226 -0.5 3.8956 -28.422 -0.5 3.8956 -26.1497 -0.5 9.75
4 72 -25.9706 -0.5 3.8961 -30 -0.5 3.4965 -30 -0.5 3.384 -24.2629 -0.5 3.8976
4 16 -29.0266 -0.5 2.3381 -30 -0.5 -0.1698 -30 -0.5 -0.6598 -22.4794 -0.5 2.3381
4 16 -30 -0.5 -1.9537 -30 -0.5 -2.039 -26.2296 -0.5 0.2469 -26.0403 -0.5 0.7015
4 16 -28.9589 -0.5 -0.2448 -30 -0.5 -1.3522 -30 -0.5 -1.9453 -25.6165 -0.5 0.9857
3 16 -25.8719 -0.5 0.9857 -28.9589 -0.5 -0.2448 -25.6165 -0.5 0.9857
4 72 -26.6962 -0.5 3.8956 -30 -0.5 3.5522 -30 -0.5 3.4965 -25.9706 -0.5 3.8961
4 16 -30 -0.5 -2.039 -30 -0.5 -2.702 -27.0602 -0.5 -1.8455 -26.233 -0.5 0.2449
3 16 -30 -0.5 -1.9453 -30 -0.5 -1.9537 -25.6165 -0.5 0.9857
4 16 -30 -0.5 6.5943 -30 -0.5 3.8956 -28.4226 -0.5 3.8956 -26.1512 -0.5 9.75
3 16 -28.7508 -0.5 9.75 -30 -0.5 6.5943 -26.1512 -0.5 9.75
3 72 -30 -0.5 3.8956 -30 -0.5 3.5522 -26.6962 -0.5 3.8956
3 16 -29.0269 -0.5 2.3381 -29.9596 -0.5 -0.0658 -29.0266 -0.5 2.3381
3 16 -30 -0.5 9.75 -30 -0.5 8.966 -28.7508 -0.5 9.75
4 16 -30 -0.5 8.966 -30 -0.5 7.3879 -29.621 -0.5 7.5517 -28.7508 -0.5 9.75
4 16 -30 -0.5 2.3381 -30 -0.5 0.8676 -29.7518 -0.5 0.4697 -29.0269 -0.5 2.3381
4 16 -29.9539 -0.5 -0.6415 -30 -0.5 -0.7184 -30 -0.5 -1.3522 -28.9589 -0.5 -0.2448
3 16 -30 -0.5 7.3879 -30 -0.5 6.5943 -29.621 -0.5 7.5517
3 72 -30 -0.5 0.8676 -30 -0.5 0.547 -29.7518 -0.5 0.4697
3 72 -30 -0.5 0.547 -30 -0.5 0.4866 -29.7518 -0.5 0.4697
3 72 -30 -0.5 0.4866 -30 -0.5 0.3784 -29.7518 -0.5 0.4697
4 72 -30 -0.5 0.3784 -30 -0.5 -0.1699 -29.9596 -0.5 -0.0658 -29.7518 -0.5 0.4697
3 16 -30 -0.5 -0.6599 -30 -0.5 -0.7183 -29.9539 -0.5 -0.6415
3 16 -30 -0.5 -0.1698 -30.2248 -0.4894 -0.7495 -30 -0.5 -0.6598
4 16 -30 -0.5 -0.6599 -30.201 -0.4905 -0.74 -30.7063 -0.4667 -1.8971 -30 -0.5 -0.7183
3 16 -30.2248 -0.4894 -0.7495 -30.4238 -0.48 -1.2502 -30.201 -0.4905 -0.74
3 16 -30 -0.5 2.3381 -30.9162 -0.4568 2.3381 -30 -0.5 0.8676
3 16 -30 -0.5 -0.7184 -31.0495 -0.4505 -2.4699 -30 -0.5 -1.3522
3 16 -30 -0.5 6.5943 -31.0671 -0.4497 3.8956 -30 -0.5 3.8956
4 72 -30.0736 -0.4965 0.9857 -30.6074 -0.4714 0.9862 -31.4082 -0.4336 0.986 -30 -0.5 0.547
3 72 -30 -0.5 0.8676 -30.0736 -0.4965 0.9857 -30 -0.5 0.547
3 16 -30 -0.5 -1.9537 -31.3255 -0.4375 -2.8435 -30 -0.5 -2.039
3 16 -30 -0.5 -1.3522 -31.4995 -0.4293 -2.9491 -30 -0.5 -1.9453
4 72 -31.0495 -0.4505 -2.4699 -30.7063 -0.4667 -1.8971 -30.4238 -0.48 -1.2502 -30.2248 -0.4894 -0.7495
3 16 -30 -0.5 -2.039 -32.1032 -0.4009 -3.3155 -30 -0.5 -2.702
4 16 -30 -0.5 -1.9453 -31.4995 -0.4293 -2.9491 -31.3255 -0.4375 -2.8435 -30 -0.5 -1.9537
4 72 -30 -0.5 0.3784 -32.8765 -0.3644 -0.6803 -30.2248 -0.4894 -0.7495 -30 -0.5 -0.1699
3 16 -30 -0.5 -2.702 -32.9063 -0.363 -3.5497 -30 -0.5 -3.3207
4 72 -31.4082 -0.4336 0.986 -31.9142 -0.4098 0.9857 -32.3501 -0.3892 0.6467 -30 -0.5 0.4866
3 72 -30 -0.5 0.547 -31.4082 -0.4336 0.986 -30 -0.5 0.4866
3 16 -31.4068 -0.4337 3.8954 -31.0671 -0.4497 3.8955 -31.0455 -0.4507 3.9502
4 72 -32.1032 -0.4009 -3.3155 -31.4995 -0.4293 -2.9491 -31.0495 -0.4505 -2.4699 -30.2248 -0.4894 -0.7495
4 16 -30.9162 -0.4568 2.3381 -31.6829 -0.4207 2.3381 -32.2169 -0.3955 0.9877 -30.0736 -0.4965 0.9857
3 16 -30 -0.5 -3.3208 -33.9552 -0.3136 -3.6324 -30 -0.5 -3.6324
4 72 -32.3501 -0.3892 0.6467 -32.5762 -0.3786 0.079 -32.8765 -0.3644 -0.6803 -30 -0.5 0.3784
3 72 -30 -0.5 0.4866 -32.3501 -0.3892 0.6467 -30 -0.5 0.3784
3 16 -32.2169 -0.3955 0.9877 -32.2177 -0.3955 0.9857 -30.6074 -0.4714 0.9862
4 16 -34.2608 -0.2992 3.8954 -31.4068 -0.4337 3.8954 -31.0455 -0.4507 3.9502 -30.7776 -0.4634 4.6276
3 72 -32.8765 -0.3644 -0.6803 -33.1337 -0.3523 -1.3199 -30.2248 -0.4894 -0.7495
3 16 -32.2177 -0.3955 0.9856 -32.3525 -0.3891 0.6448 -31.9142 -0.4098 0.9857
3 16 -30 -0.5 -3.6324 -36.5391 -0.1918 -3.6324 -30 -0.5 -3.6341
4 72 -33.9552 -0.3136 -3.6324 -32.9063 -0.363 -3.5497 -32.1032 -0.4009 -3.3155 -30.2248 -0.4894 -0.7495
3 72 -33.1337 -0.3523 -1.3199 -33.5466 -0.3329 -1.92 -30.2248 -0.4894 -0.7495
3 16 -32.3525 -0.3891 0.6448 -32.5762 -0.3786 0.079 -32.3501 -0.3892 0.6467
4 72 -31.4068 -0.4337 3.8954 -37.384 -0.152 2.9883 -37.384 -0.152 2.7839 -30 -0.5 3.5522
4 72 -30 -0.5 3.8956 -30.529 -0.4751 3.8956 -31.4068 -0.4337 3.8954 -30 -0.5 3.5522
4 16 -33.3667 -0.3413 -1.6584 -33.1337 -0.3523 -1.3199 -32.8765 -0.3644 -0.6803 -32.5851 -0.3782 0.0566
4 16 -37.384 -0.152 3.8951 -34.262 -0.2991 3.8951 -30.7776 -0.4634 4.6276 -30 -0.5 6.5943
4 16 -30 -0.5 7.3879 -37.384 -0.152 4.1923 -37.384 -0.152 3.8951 -30 -0.5 6.5943
4 72 -30 -0.5 3.1292 -37.384 -0.152 2.6286 -37.384 -0.152 2.6104 -30 -0.5 3.0798
4 72 -30 -0.5 3.0798 -37.384 -0.152 2.6104 -37.384 -0.152 2.3381 -30 -0.5 2.3381
4 72 -30 -0.5 3.1963 -37.384 -0.152 2.6532 -37.384 -0.152 2.6286 -30 -0.5 3.1292
4 72 -30 -0.5 3.2818 -37.384 -0.152 2.6846 -37.384 -0.152 2.6532 -30 -0.5 3.1963
4 72 -30 -0.5 3.384 -37.384 -0.152 2.7221 -37.384 -0.152 2.6846 -30 -0.5 3.2818
4 72 -30 -0.5 3.4965 -37.384 -0.152 2.7635 -37.384 -0.152 2.7221 -30 -0.5 3.384
4 72 -30 -0.5 3.5522 -37.384 -0.152 2.7839 -37.384 -0.152 2.7635 -30 -0.5 3.4965
4 16 -30 -0.5 8.966 -37.384 -0.152 4.3268 -37.384 -0.152 4.1924 -30 -0.5 7.3879
4 16 -30 -0.5 -3.6341 -37.384 -0.152 -3.6321 -37.384 -0.152 -7.3205 -30 -0.5 -6.1552
4 16 -30 -0.5 -6.1552 -37.384 -0.152 -7.3205 -37.384 -0.152 -9.75 -30 -0.5 -9.75
4 15 -30 0 -9.75 -37.384 0.348 -9.75 -37.384 0.348 9.75 -30 0 9.75
2 24 -30 0 -9.75 -37.384 0.348 -9.75
2 24 -37.384 0.348 9.75 -30 0 9.75
4 15 -30 -0.5 9.75 -30 0 9.75 -37.384 0.348 9.75 -37.384 -0.152 9.75
4 15 -30 0 -9.75 -30 -0.5 -9.75 -37.384 -0.152 -9.75 -37.384 0.348 -9.75
2 24 -30 0 -9.75 -37.384 0.348 -9.75
2 24 -37.384 0.348 9.75 -30 0 9.75
3 16 -34.2297 -0.3007 -2.0758 -33.5466 -0.3329 -1.92 -33.3667 -0.3413 -1.6584
3 16 -34.2608 -0.2992 3.8954 -34.262 -0.2991 3.8951 -33.2872 -0.3451 3.8954
4 16 -37.0181 -0.1692 9.75 -37.384 -0.152 9.2222 -37.384 -0.152 4.3268 -30 -0.5 8.966
3 16 -30 -0.5 9.75 -37.0181 -0.1692 9.75 -30 -0.5 8.966
4 72 -33.5466 -0.3329 -1.92 -37.384 -0.152 -3.604 -37.384 -0.152 -3.6065 -30.2248 -0.4894 -0.7495
4 72 -34.262 -0.2991 3.8951 -37.384 -0.152 3.2388 -37.384 -0.152 2.9883 -31.4068 -0.4337 3.8954
3 72 -33.2872 -0.3451 3.8954 -34.262 -0.2991 3.8951 -31.4068 -0.4337 3.8954
4 16 -37.384 -0.152 -1.0734 -37.384 -0.152 -1.5239 -32.5851 -0.3782 0.0566 -31.6829 -0.4207 2.3381
4 16 -37.384 -0.152 -2.0721 -34.2297 -0.3007 -2.0758 -33.3667 -0.3413 -1.6584 -32.5851 -0.3782 0.0566
3 16 -37.384 -0.152 -1.5239 -37.384 -0.152 -2.0721 -32.5851 -0.3782 0.0566
4 72 -37.384 -0.152 -3.6321 -36.5391 -0.1918 -3.6324 -33.9552 -0.3136 -3.6324 -30.2248 -0.4894 -0.7495
3 72 -37.384 -0.152 -3.6065 -37.384 -0.152 -3.6321 -30.2248 -0.4894 -0.7495
4 72 -34.2297 -0.3007 -2.0758 -37.384 -0.152 -3.6011 -37.384 -0.152 -3.604 -33.5466 -0.3329 -1.92
4 72 -34.8667 -0.2706 -2.0753 -37.384 -0.152 -2.0753 -37.384 -0.152 -2.0754 -34.2297 -0.3007 -2.0758
3 72 -34.4382 -0.2908 -2.0755 -34.8667 -0.2706 -2.0753 -34.2297 -0.3007 -2.0758
4 16 -36.6685 -0.1857 2.3381 -37.384 -0.152 1.7378 -37.384 -0.152 -1.0734 -31.6829 -0.4207 2.3381
3 72 -37.384 -0.152 -2.0754 -37.384 -0.152 -2.5896 -34.2297 -0.3007 -2.0758
3 72 -37.384 -0.152 -2.5896 -37.384 -0.152 -3.6011 -34.2297 -0.3007 -2.0758
3 16 -37.384 -0.152 -2.072 -37.384 -0.152 -2.0738 -34.4382 -0.2908 -2.0755
3 16 -37.384 -0.152 -2.0739 -37.384 -0.152 -2.0753 -34.8667 -0.2706 -2.0753
4 72 -37.16 -0.1626 3.8951 -37.384 -0.152 3.8951 -37.384 -0.152 3.2388 -34.262 -0.2991 3.8951
3 16 -37.384 -0.152 2.3381 -37.384 -0.152 1.8688 -36.6685 -0.1857 2.3381
3 16 -37.384 -0.152 1.8688 -37.384 -0.152 1.7378 -36.6685 -0.1857 2.3381
3 16 -37.384 -0.152 9.75 -37.384 -0.152 9.2222 -37.0181 -0.1692 9.75
3 16 -37.384 -0.152 3.8951 -37.384 -0.152 3.8951 -37.16 -0.1626 3.8951
3 72 -37.384 -0.152 -3.6065 -37.4475 -0.1428 -3.6321 -37.384 -0.152 -3.6321
3 72 -37.384 -0.152 -3.604 -37.4475 -0.1428 -3.6321 -37.384 -0.152 -3.6065
3 72 -37.384 -0.152 -3.6011 -37.4475 -0.1428 -3.6321 -37.384 -0.152 -3.604
3 72 -37.384 -0.152 -2.0753 -38.0596 -0.0544 -2.0753 -37.384 -0.152 -2.0754
3 16 -37.384 -0.152 4.1923 -38.0645 -0.0537 3.8951 -37.384 -0.152 3.8951
3 16 -37.384 -0.152 4.3268 -38.0651 -0.0536 3.8949 -37.384 -0.152 4.1924
4 16 -37.384 -0.152 3.8951 -38.0645 -0.0537 3.8951 -38.0651 -0.0536 3.8949 -37.384 -0.152 3.8951
3 16 -37.384 -0.152 -1.5239 -39.0272 0.0853 -2.0701 -37.384 -0.152 -2.0721
3 16 -37.384 -0.152 -1.0734 -39.0434 0.0877 -2.0755 -37.384 -0.152 -1.5239
4 16 -37.384 -0.152 -2.072 -39.0272 0.0853 -2.0701 -39.0355 0.0865 -2.0729 -37.384 -0.152 -2.0738
4 16 -37.384 -0.152 -2.0739 -39.0355 0.0865 -2.0729 -39.0427 0.0876 -2.0753 -37.384 -0.152 -2.0753
4 16 -37.384 -0.152 9.2222 -41.0428 0.3765 3.8949 -38.0651 -0.0536 3.8949 -37.384 -0.152 4.3268
4 72 -37.384 -0.152 3.8951 -38.0651 -0.0536 3.8949 -41.6296 0.4612 2.3381 -37.384 -0.152 3.2388
3 16 -39.0427 0.0876 -2.0753 -39.0434 0.0877 -2.0755 -38.0596 -0.0544 -2.0753
3 72 -37.384 -0.152 2.6286 -41.6296 0.4612 2.3381 -37.384 -0.152 2.6104
3 72 -37.384 -0.152 2.6104 -41.6296 0.4612 2.3381 -37.384 -0.152 2.3381
3 72 -37.384 -0.152 2.6532 -41.6296 0.4612 2.3381 -37.384 -0.152 2.6286
3 72 -37.384 -0.152 2.6846 -41.6296 0.4612 2.3381 -37.384 -0.152 2.6532
3 72 -37.384 -0.152 2.7221 -41.6296 0.4612 2.3381 -37.384 -0.152 2.6846
3 72 -37.384 -0.152 2.7635 -41.6296 0.4612 2.3381 -37.384 -0.152 2.7221
3 72 -37.384 -0.152 2.7839 -41.6296 0.4612 2.3381 -37.384 -0.152 2.7635
3 72 -37.384 -0.152 2.9883 -41.6296 0.4612 2.3381 -37.384 -0.152 2.7839
3 72 -37.384 -0.152 3.2388 -41.6296 0.4612 2.3381 -37.384 -0.152 2.9883
4 16 -37.384 -0.152 1.7378 -41.8877 0.4985 -2.0755 -39.0434 0.0877 -2.0755 -37.384 -0.152 -1.0734
4 72 -37.384 -0.152 -2.5896 -43.7261 0.764 -3.6321 -37.4475 -0.1428 -3.6321 -37.384 -0.152 -3.6011
4 72 -38.0596 -0.0544 -2.0753 -39.0434 0.0877 -2.0755 -43.7261 0.764 -3.6321 -37.384 -0.152 -2.5896
3 72 -37.384 -0.152 -2.0754 -38.0596 -0.0544 -2.0753 -37.384 -0.152 -2.5896
4 16 -39.4281 0.1432 9.75 -41.7486 0.4784 3.8946 -41.043 0.3765 3.8946 -37.384 -0.152 9.2222
3 16 -37.384 -0.152 9.75 -39.4281 0.1432 9.75 -37.384 -0.152 9.2222
4 16 -37.384 -0.152 1.8688 -43.3424 0.7086 -2.0758 -41.888 0.4985 -2.0758 -37.384 -0.152 1.7378
4 16 -37.4475 -0.1428 -3.6321 -44.64 0.896 -6.5289 -44.64 0.896 -8.4762 -37.384 -0.152 -7.3205
3 16 -37.384 -0.152 -3.6321 -37.4475 -0.1428 -3.6321 -37.384 -0.152 -7.3205
4 16 -41.3318 0.4182 2.3381 -42.6981 0.6155 0.5372 -43.3424 0.7086 -2.0758 -37.384 -0.152 1.8688
3 16 -37.384 -0.152 2.3381 -41.3318 0.4182 2.3381 -37.384 -0.152 1.8688
4 72 -40.4208 0.2866 3.8949 -41.043 0.3765 3.8946 -42.2289 0.5478 2.1679 -38.0651 -0.0536 3.8949
4 16 -39.4404 0.145 9.75 -41.7534 0.4791 3.8946 -41.7486 0.4784 3.8946 -39.4281 0.1432 9.75
3 72 -42.2289 0.5478 2.1679 -41.6296 0.4612 2.3381 -38.0651 -0.0536 3.8949
3 16 -41.0428 0.3765 3.8949 -41.043 0.3765 3.8946 -40.4208 0.2866 3.8949
4 16 -37.384 -0.152 -7.3205 -44.64 0.896 -8.4762 -44.64 0.896 -9.75 -37.384 -0.152 -9.75
4 15 -37.384 0.348 -9.75 -44.64 1.396 -9.75 -44.64 1.396 9.75 -37.384 0.348 9.75
2 24 -37.384 0.348 -9.75 -44.64 1.396 -9.75
2 24 -44.64 1.396 9.75 -37.384 0.348 9.75
4 15 -37.384 -0.152 9.75 -37.384 0.348 9.75 -44.64 1.396 9.75 -44.64 0.896 9.75
4 15 -37.384 0.348 -9.75 -37.384 -0.152 -9.75 -44.64 0.896 -9.75 -44.64 1.396 -9.75
2 24 -37.384 0.348 -9.75 -44.64 1.396 -9.75
2 24 -44.64 1.396 9.75 -37.384 0.348 9.75
4 72 -40.9929 0.3692 -2.0755 -41.888 0.4985 -2.0758 -43.7261 0.764 -3.6321 -39.0434 0.0877 -2.0755
3 16 -41.8877 0.4985 -2.0755 -41.888 0.4985 -2.0758 -40.9929 0.3692 -2.0755
4 16 -41.6296 0.4612 2.3381 -42.2289 0.5478 2.1679 -42.7113 0.6174 1.4656 -41.3318 0.4182 2.3381
4 72 -41.9605 0.509 3.8946 -42.9512 0.6521 3.8157 -43.7204 0.7632 3.5885 -41.043 0.3765 3.8946
3 16 -42.648 0.6083 1.6253 -42.7113 0.6174 1.4656 -42.2289 0.5478 2.1679
4 16 -43.7261 0.764 -3.6321 -44.64 0.896 -3.9359 -44.64 0.896 -6.5289 -37.4475 -0.1428 -3.6321
4 16 -42.7113 0.6174 1.4656 -43.2184 0.6907 0.1862 -43.4939 0.7305 -0.5119 -41.3318 0.4182 2.3381
3 16 -42.6517 0.6088 1.6204 -42.9339 0.6496 0.9038 -42.648 0.6083 1.6253
3 72 -43.2184 0.6907 0.1862 -42.9339 0.6496 0.9038 -42.6517 0.6088 1.6204
4 16 -44.64 0.896 7.7366 -44.64 0.896 3.8946 -41.7534 0.4791 3.8946 -39.4404 0.145 9.75
3 16 -44.2337 0.8373 9.75 -44.64 0.896 7.7366 -39.4404 0.145 9.75
3 72 -43.3424 0.7086 -2.0758 -43.7261 0.764 -3.6321 -41.888 0.4985 -2.0758
4 72 -44.64 0.896 -0.8094 -42.6517 0.6088 1.6204 -42.2289 0.5478 2.1679 -41.043 0.3765 3.8946
3 72 -44.64 0.896 -0.7089 -44.64 0.896 -0.8094 -41.043 0.3765 3.8946
4 16 -43.4022 0.7172 -0.391 -43.7898 0.7732 -1.7852 -43.3424 0.7086 -2.0758 -42.6981 0.6155 0.5372
3 72 -44.64 0.896 2.7943 -44.64 0.896 1.9514 -41.043 0.3765 3.8946
3 72 -44.64 0.896 1.9514 -44.64 0.896 1.1816 -41.043 0.3765 3.8946
3 72 -44.64 0.896 1.1816 -44.64 0.896 0.5924 -41.043 0.3765 3.8946
3 72 -44.64 0.896 0.5924 -44.64 0.896 -0.7089 -41.043 0.3765 3.8946
3 16 -43.4939 0.7305 -0.5119 -43.7492 0.7673 -1.1705 -43.4839 0.729 -0.4987
4 16 -43.4839 0.729 -0.4987 -43.7492 0.7673 -1.1705 -43.7898 0.7732 -1.7852 -43.4022 0.7172 -0.391
4 72 -44.3087 0.8481 3.2304 -44.64 0.896 2.8818 -44.64 0.896 2.7943 -41.043 0.3765 3.8946
3 72 -43.7204 0.7632 3.5885 -44.3087 0.8481 3.2304 -41.043 0.3765 3.8946
3 16 -44.64 0.896 3.8946 -44.64 0.896 3.681 -41.9605 0.509 3.8946
4 72 -44.64 0.896 -0.8094 -44.64 0.896 -1.8777 -43.2184 0.6907 0.1862 -42.6517 0.6088 1.6204
4 72 -43.7898 0.7732 -1.7852 -44.3033 0.8474 -3.6324 -43.7261 0.764 -3.6321 -43.3424 0.7086 -2.0758
3 16 -44.3033 0.8474 -3.6324 -43.7269 0.7641 -3.6324 -43.7261 0.764 -3.6321
4 72 -44.64 0.896 -1.8777 -44.64 0.896 -2.0227 -43.4939 0.7305 -0.5119 -43.2184 0.6907 0.1862
3 16 -44.64 0.896 3.681 -44.64 0.896 3.3169 -42.9512 0.6521 3.8157
4 72 -44.64 0.896 -2.0227 -44.64 0.896 -3.4261 -43.7492 0.7673 -1.1705 -43.4939 0.7305 -0.5119
4 72 -44.64 0.896 -3.6324 -44.3033 0.8474 -3.6324 -43.7898 0.7732 -1.7852 -43.7492 0.7673 -1.1705
3 72 -44.64 0.896 -3.4261 -44.64 0.896 -3.6324 -43.7492 0.7673 -1.1705
4 16 -44.64 0.896 -3.6324 -44.64 0.896 -3.647 -44.0751 0.8144 -3.7481 -43.7269 0.7641 -3.6324
3 16 -44.64 0.896 3.3169 -44.64 0.896 3.0288 -43.7204 0.7632 3.5885
3 16 -44.64 0.896 -3.647 -44.64 0.896 -3.9359 -44.0751 0.8144 -3.7481
4 16 -44.64 0.896 9.75 -44.64 0.896 8.2376 -44.4315 0.8659 8.7702 -44.2337 0.8373 9.75
3 16 -44.64 0.896 3.0287 -44.64 0.896 2.8818 -44.3087 0.8481 3.2304
3 16 -44.64 0.896 8.2376 -44.64 0.896 7.7368 -44.4315 0.8659 8.7702
3 72 -44.64 0.896 -3.4261 -44.7199 0.9156 -3.6324 -44.64 0.896 -3.6324
3 16 -44.64 0.896 -3.6324 -44.7199 0.9156 -3.6324 -44.64 0.896 -3.647
3 72 -44.64 0.896 2.8818 -44.755 0.9242 2.7585 -44.64 0.896 2.7943
4 16 -44.64 0.896 -3.647 -44.7249 0.9168 -3.6315 -44.8735 0.9533 -4.015 -44.64 0.896 -3.9359
3 16 -44.64 0.896 7.7366 -45.4007 1.0828 3.8946 -44.64 0.896 3.8946
4 72 -44.755 0.9242 2.7585 -45.0985 1.0086 2.1896 -45.3854 1.079 1.541 -44.64 0.896 1.9514
3 72 -44.64 0.896 2.7943 -44.755 0.9242 2.7585 -44.64 0.896 1.9514
4 72 -44.64 0.896 -2.0227 -45.7045 1.1574 -3.4527 -44.7199 0.9156 -3.6324 -44.64 0.896 -3.4261
3 72 -44.64 0.896 -1.8777 -45.7045 1.1574 -3.4527 -44.64 0.896 -2.0227
4 16 -44.64 0.896 3.8946 -45.4007 1.0828 3.8946 -45.4562 1.0964 3.6147 -44.64 0.896 3.681
4 16 -45.7045 1.1574 -3.4527 -44.9649 0.9758 -4.0459 -44.8735 0.9533 -4.015 -44.7249 0.9168 -3.6315
4 16 -44.64 0.896 3.681 -45.4562 1.0964 3.6147 -45.5707 1.1245 3.0367 -44.64 0.896 3.3169
4 16 -44.64 0.896 3.3169 -45.5707 1.1245 3.0367 -45.7027 1.157 2.3696 -44.64 0.896 3.0288
3 72 -44.64 0.896 -0.7089 -46.348 1.3154 -2.9367 -44.64 0.896 -0.8094
4 16 -44.64 0.896 3.0287 -45.7027 1.157 2.3696 -45.8604 1.1957 1.5734 -44.64 0.896 2.8818
4 72 -45.3854 1.079 1.541 -45.6364 1.1407 0.898 -45.9004 1.2055 0.2128 -44.64 0.896 1.1816
3 72 -44.64 0.896 1.9514 -45.3854 1.079 1.541 -44.64 0.896 1.1816
4 72 -44.64 0.896 -0.8094 -46.348 1.3154 -2.9367 -45.7045 1.1574 -3.4527 -44.64 0.896 -1.8777
4 16 -44.64 0.896 8.2376 -46.7757 1.4205 2.6781 -45.4204 1.0877 3.7953 -44.64 0.896 7.7368
4 72 -45.9004 1.2055 0.2128 -46.1546 1.268 -0.4514 -46.3762 1.3224 -1.032 -44.64 0.896 0.5924
3 72 -44.64 0.896 1.1816 -45.9004 1.2055 0.2128 -44.64 0.896 0.5924
3 16 -45.8604 1.1957 1.5734 -46.0506 1.2424 0.6127 -44.755 0.9242 2.7585
4 72 -46.3762 1.3224 -1.032 -46.5913 1.3752 -2.1182 -46.348 1.3154 -2.9367 -44.64 0.896 -0.7089
3 72 -44.64 0.896 0.5924 -46.3762 1.3224 -1.032 -44.64 0.896 -0.7089
3 16 -46.348 1.3154 -2.9367 -45.9217 1.2108 -4.3701 -44.9649 0.9758 -4.0459
3 16 -46.0506 1.2424 0.6127 -46.2569 1.2931 -0.4294 -45.0985 1.0086 2.1896
3 16 -46.2569 1.2931 -0.4294 -46.3624 1.319 -0.9621 -45.3854 1.079 1.541
3 16 -47.1881 1.5218 2.3381 -45.709 1.1585 2.3381 -45.4204 1.0877 3.7953
3 16 -46.3624 1.319 -0.9621 -46.3721 1.3214 -1.0114 -45.6364 1.1407 0.898
3 16 -46.3721 1.3214 -1.0114 -46.3755 1.3222 -1.0285 -45.9004 1.2055 0.2128
3 16 -46.3755 1.3222 -1.0285 -46.3762 1.3224 -1.032 -46.1546 1.268 -0.4514
3 16 -46.5913 1.3752 -2.1182 -47.1174 1.5044 -4.7752 -45.9217 1.2108 -4.3701
4 16 -44.64 0.896 9.75 -50.4795 2.33 9.75 -46.5 1.3528 3.3954 -44.64 0.896 8.2376
4 16 -48.0894 1.7431 -0.7459 -49.0636 1.9823 -3.3101 -46.414 1.3317 -1.2226 -46.3265 1.3102 -0.7811
3 16 -49.4726 2.0828 -3.6324 -46.8911 1.4488 -3.6326 -46.414 1.3317 -1.2226
4 15 -44.64 0.896 9.75 -44.64 1.396 9.75 -51.648 3.117 9.75 -51.648 2.617 9.75
4 15 -44.64 1.396 -9.75 -44.64 0.896 -9.75 -51.648 2.617 -9.75 -51.648 3.117 -9.75
4 16 -44.64 0.896 -3.9359 -51.648 2.617 -6.31 -51.648 2.617 -9.4055 -44.64 0.896 -6.5289
4 16 -44.64 0.896 -6.5289 -51.648 2.617 -9.4055 -51.648 2.617 -9.6138 -44.64 0.896 -8.4762
4 16 -44.64 0.896 -8.4762 -51.648 2.617 -9.6138 -51.648 2.617 -9.75 -44.64 0.896 -9.75
4 15 -44.64 1.396 -9.75 -51.648 3.117 -9.75 -51.648 3.117 9.75 -44.64 1.396 9.75
2 24 -44.64 1.396 -9.75 -51.648 3.117 -9.75
2 24 -51.648 3.117 9.75 -44.64 1.396 9.75
2 24 -44.64 1.396 -9.75 -51.648 3.117 -9.75
2 24 -51.648 3.117 9.75 -44.64 1.396 9.75
4 72 -51.648 2.617 2.3381 -47.1881 1.5218 2.3381 -46.7757 1.4205 2.6781 -46.5 1.3528 3.3954
3 72 -51.648 2.617 2.9207 -51.648 2.617 2.3381 -46.5 1.3528 3.3954
4 16 -51.648 2.617 2.3381 -51.648 2.617 1.498 -46.0234 1.2357 0.75 -45.709 1.1585 2.3381
4 16 -51.648 2.617 0.2345 -51.648 2.617 -0.6748 -46.3265 1.3102 -0.7811 -46.0234 1.2357 0.75
3 16 -49.9459 2.199 -0.7088 -48.7854 1.914 -2.5779 -48.0894 1.7431 -0.7459
4 72 -46.8133 1.4297 3.8956 -51.648 2.617 3.8952 -51.648 2.617 3.5639 -46.5 1.3528 3.3954
4 16 -51.648 2.617 -5.3432 -49.7952 2.162 -5.6824 -47.1174 1.5044 -4.7752 -46.8911 1.4488 -3.6326
3 16 -51.648 2.617 -3.6322 -51.648 2.617 -5.3432 -46.8911 1.4488 -3.6326
3 16 -51.648 2.617 1.498 -51.648 2.617 1.1312 -46.0234 1.2357 0.75
3 16 -51.648 2.617 1.1312 -51.648 2.617 0.2345 -46.0234 1.2357 0.75
3 72 -51.648 2.617 3.5639 -51.648 2.617 3.3312 -46.5 1.3528 3.3954
3 72 -51.648 2.617 3.3312 -51.648 2.617 2.9207 -46.5 1.3528 3.3954
4 72 -51.648 2.617 -3.6322 -49.4726 2.0828 -3.6324 -49.0636 1.9823 -3.3101 -48.7854 1.914 -2.5779
3 72 -51.648 2.617 -2.8248 -51.648 2.617 -3.6322 -48.7854 1.914 -2.5779
4 16 -50.4795 2.33 9.75 -51.648 2.617 9.75 -51.648 2.617 3.8952 -46.8133 1.4297 3.8956
4 72 -49.0978 1.9907 -2.0748 -51.648 2.617 -2.075 -51.648 2.617 -2.8248 -48.7854 1.914 -2.5779
4 16 -49.9459 2.199 -0.7088 -51.648 2.617 -0.6748 -51.648 2.617 -2.075 -49.0978 1.9907 -2.0748
3 16 -51.648 2.617 -5.3432 -51.648 2.617 -6.3101 -49.7952 2.162 -5.6824
3 16 -51.648 2.617 -9.4055 -52.4617 2.908 -9.75 -51.648 2.617 -9.6138
3 16 -51.648 2.617 -9.6138 -52.4617 2.908 -9.75 -51.648 2.617 -9.75
3 72 -51.648 2.617 2.9207 -57.7733 4.8074 2.3381 -51.648 2.617 2.3381
3 16 -51.648 2.617 2.3381 -57.7733 4.8074 2.3381 -51.648 2.617 1.498
4 16 -51.648 2.617 9.75 -55.6745 4.0569 9.75 -57.8849 4.8473 3.8947 -51.648 2.617 3.8952
4 16 -58.284 4.99 -8.6286 -58.284 4.99 -9.75 -52.4617 2.908 -9.75 -51.648 2.617 -9.4055
3 16 -51.648 2.617 -6.31 -58.284 4.99 -8.6286 -51.648 2.617 -9.4055
4 72 -51.648 2.617 3.5639 -58.284 4.99 3.788 -58.284 4.99 3.2459 -51.648 2.617 3.3312
4 72 -51.648 2.617 -2.075 -58.284 4.99 -2.0757 -58.284 4.99 -3.4152 -51.648 2.617 -2.8248
4 72 -51.648 2.617 -2.8248 -58.284 4.99 -3.4152 -58.284 4.99 -3.6316 -51.648 2.617 -3.6322
4 16 -51.648 2.617 -5.3432 -58.284 4.99 -4.0902 -58.284 4.99 -8.6286 -51.648 2.617 -6.3101
4 16 -51.648 2.617 -3.6322 -58.284 4.99 -3.6316 -58.284 4.99 -4.0902 -51.648 2.617 -5.3432
4 16 -51.648 2.617 1.1312 -58.284 4.99 1.5952 -58.284 4.99 -0.3927 -51.648 2.617 0.2345
4 16 -51.648 2.617 0.2345 -58.284 4.99 -0.3927 -58.284 4.99 -0.5381 -51.648 2.617 -0.6748
4 15 -51.648 3.117 -9.75 -58.284 5.49 -9.75 -58.284 5.49 9.75 -51.648 3.117 9.75
2 24 -51.648 3.117 -9.75 -58.284 5.49 -9.75
2 24 -58.284 5.49 9.75 -51.648 3.117 9.75
4 15 -51.648 2.617 9.75 -51.648 3.117 9.75 -58.284 5.49 9.75 -58.284 4.99 9.75
4 15 -51.648 3.117 -9.75 -51.648 2.617 -9.75 -58.284 4.99 -9.75 -58.284 5.49 -9.75
2 24 -51.648 3.117 -9.75 -58.284 5.49 -9.75
2 24 -58.284 5.49 9.75 -51.648 3.117 9.75
4 16 -57.6214 4.753 2.3172 -58.284 4.99 2.1797 -58.284 4.99 1.5952 -51.648 2.617 1.1312
3 16 -51.648 2.617 1.498 -57.6214 4.753 2.3172 -51.648 2.617 1.1312
4 72 -58.284 4.99 3.2459 -58.284 4.99 2.4081 -57.7733 4.8074 2.3381 -51.648 2.617 2.9207
3 72 -51.648 2.617 3.3312 -58.284 4.99 3.2459 -51.648 2.617 2.9207
4 72 -58.0882 4.92 3.8946 -58.284 4.99 3.8777 -58.284 4.99 3.788 -51.648 2.617 3.5639
3 72 -51.648 2.617 3.8952 -58.0882 4.92 3.8946 -51.648 2.617 3.5639
4 16 -58.1098 4.9277 -0.5417 -58.284 4.99 -0.7484 -58.284 4.99 -2.0757 -51.648 2.617 -2.075
3 16 -51.648 2.617 -0.6748 -58.1098 4.9277 -0.5417 -51.648 2.617 -2.075
4 16 -55.6905 4.0626 9.75 -57.8911 4.8495 3.8947 -57.8849 4.8473 3.8947 -55.6745 4.0569 9.75
4 16 -58.284 4.99 9.75 -58.284 4.99 5.4812 -56.587 4.3832 7.3645 -55.6905 4.0626 9.75
4 16 -58.284 4.99 5.4812 -58.284 4.99 3.8947 -57.8911 4.8495 3.8947 -56.587 4.3832 7.3645
4 16 -57.7733 4.8074 2.3381 -58.284 4.99 2.185 -58.284 4.99 2.1797 -57.6214 4.753 2.3172
3 72 -58.284 4.99 2.4081 -58.284 4.99 2.2246 -57.7733 4.8074 2.3381
3 72 -58.284 4.99 2.2246 -58.284 4.99 2.185 -57.7733 4.8074 2.3381
3 16 -58.284 4.99 3.8946 -58.284 4.99 3.8777 -58.0882 4.92 3.8946
3 16 -58.284 4.99 -0.5381 -58.284 4.99 -0.7484 -58.1098 4.9277 -0.5417
3 16 -58.284 4.99 2.185 -58.3392 5.0167 2.1677 -58.284 4.99 2.1797
4 16 -58.284 4.99 2.1797 -58.3392 5.0167 2.1677 -58.7209 5.2012 1.6271 -58.284 4.99 1.5952
3 72 -58.284 4.99 3.8777 -58.998 5.3352 3.8132 -58.284 4.99 3.788
3 16 -58.284 4.99 -0.7484 -59.3537 5.5071 -2.0758 -58.284 4.99 -2.0757
3 16 -58.284 4.99 -0.3927 -59.4917 5.5739 -0.5121 -58.284 4.99 -0.5381
3 16 -58.284 4.99 5.4812 -59.651 5.6509 3.8945 -58.284 4.99 3.8947
4 16 -58.7209 5.2012 1.6271 -59.2409 5.4526 0.1862 -59.4917 5.5739 -0.5121 -58.284 4.99 -0.3927
3 16 -58.284 4.99 1.5952 -58.7209 5.2012 1.6271 -58.284 4.99 -0.3927
3 16 -58.7256 5.2035 1.6204 -58.9818 5.3273 0.9041 -58.7209 5.2012 1.6271
4 16 -59.1803 5.4233 -0.5188 -59.7609 5.704 -1.7852 -59.3537 5.5071 -2.0758 -58.284 4.99 -0.7484
3 16 -58.284 4.99 -0.5381 -59.1803 5.4233 -0.5188 -58.284 4.99 -0.7484
3 72 -59.2409 5.4526 0.1862 -58.9818 5.3273 0.9041 -58.7256 5.2035 1.6204
4 16 -58.284 4.99 3.8946 -59.651 5.6509 3.8945 -59.782 5.7142 3.7424 -58.284 4.99 3.8777
4 72 -58.284 4.99 2.2246 -61.2252 6.4119 1.541 -58.3392 5.0167 2.1677 -58.284 4.99 2.185
3 72 -58.284 4.99 -3.4152 -60.6075 6.1132 -3.6314 -58.284 4.99 -3.6316
3 16 -58.284 4.99 -3.6316 -60.6075 6.1132 -3.6314 -58.284 4.99 -4.0902
4 72 -58.998 5.3352 3.8132 -59.6974 5.6733 3.5819 -60.2323 5.9319 3.2197 -58.284 4.99 3.2459
3 72 -58.284 4.99 3.788 -58.998 5.3352 3.8132 -58.284 4.99 3.2459
4 72 -58.284 4.99 -2.0757 -59.3537 5.5071 -2.0758 -60.6075 6.1132 -3.6314 -58.284 4.99 -3.4152
3 16 -58.284 4.99 -8.6286 -61.3528 6.4735 -9.75 -58.284 4.99 -9.75
4 72 -58.284 4.99 3.2459 -60.2323 5.9319 3.2197 -60.6404 6.1291 2.7461 -58.284 4.99 2.4081
4 16 -59.4875 5.5718 -0.5122 -59.7238 5.6861 -1.1705 -59.7609 5.704 -1.7852 -59.1803 5.4233 -0.5188
3 16 -59.4917 5.5739 -0.5121 -59.7238 5.6861 -1.1705 -59.4875 5.5718 -0.5122
3 16 -59.782 5.7142 3.7424 -60.0091 5.824 3.4788 -58.998 5.3352 3.8132
4 72 -60.6404 6.1291 2.7461 -60.9588 6.2831 2.1801 -61.2252 6.4119 1.541 -58.284 4.99 2.2246
3 72 -58.284 4.99 2.4081 -60.6404 6.1291 2.7461 -58.284 4.99 2.2246
3 72 -59.7609 5.704 -1.7852 -60.6075 6.1132 -3.6314 -59.3537 5.5071 -2.0758
4 72 -61.2252 6.4119 1.541 -61.427 6.5094 0.967 -58.7256 5.2035 1.6204 -58.3392 5.0167 2.1677
3 16 -60.0091 5.824 3.4788 -60.2323 5.9319 3.2197 -59.6974 5.6733 3.5819
3 72 -60.6075 6.1132 -3.6314 -59.7609 5.704 -1.7852 -59.7238 5.6861 -1.1705
4 72 -61.427 6.5094 0.967 -61.6804 6.6319 0.2535 -59.2409 5.4526 0.1862 -58.7256 5.2035 1.6204
4 16 -60.6124 6.1156 -3.6304 -62.8115 7.1787 -9.75 -61.3528 6.4735 -9.75 -58.284 4.99 -8.6286
3 16 -58.284 4.99 -4.0902 -60.6124 6.1156 -3.6304 -58.284 4.99 -8.6286
4 72 -61.516 6.5525 -3.452 -60.6075 6.1132 -3.6314 -59.7238 5.6861 -1.1705 -59.4917 5.5739 -0.5121
4 72 -61.6804 6.6319 0.2535 -61.9357 6.7554 -0.4595 -59.4917 5.5739 -0.5121 -59.2409 5.4526 0.1862
3 16 -60.8003 6.2064 2.5605 -60.9588 6.2831 2.1801 -60.6404 6.1291 2.7461
3 16 -61.516 6.5525 -3.452 -60.7775 6.1954 -4.0897 -60.6124 6.1156 -3.6304
4 16 -58.284 4.99 9.75 -63.6974 7.607 9.75 -63.6974 7.607 -0.8022 -58.284 4.99 5.4812
4 15 -58.284 5.49 -9.75 -63.6974 8.107 -9.75 -63.6974 8.107 9.75 -58.284 5.49 9.75
2 24 -58.284 5.49 -9.75 -63.6974 8.107 -9.75
2 24 -63.6974 8.107 9.75 -58.284 5.49 9.75
4 15 -58.284 4.99 9.75 -58.284 5.49 9.75 -63.6974 8.107 9.75 -63.6974 7.607 9.75
4 15 -58.284 5.49 -9.75 -58.284 4.99 -9.75 -63.6974 7.607 -9.75 -63.6974 8.107 -9.75
2 24 -58.284 5.49 -9.75 -63.6974 8.107 -9.75
2 24 -63.6974 8.107 9.75 -58.284 5.49 9.75
4 72 -62.342 6.9517 -2.1182 -62.1133 6.8412 -2.9362 -61.516 6.5525 -3.452 -59.4917 5.5739 -0.5121
3 16 -62.1133 6.8412 -2.9362 -61.3476 6.471 -5.676 -60.7775 6.1954 -4.0897
4 72 -61.9357 6.7554 -0.4595 -62.1435 6.8558 -1.032 -62.342 6.9517 -2.1182 -59.4917 5.5739 -0.5121
4 16 -61.9357 6.7554 -0.4595 -61.6804 6.6319 0.2535 -61.427 6.5094 0.967 -61.2252 6.4119 1.541
4 16 -62.0234 6.7978 -0.3743 -62.1435 6.8558 -1.032 -61.9357 6.7554 -0.4595 -61.2252 6.4119 1.541
3 16 -63.6974 7.607 -9.75 -62.8115 7.1787 -9.75 -61.3476 6.471 -5.676
3 16 -63.6974 7.607 -0.8022 -63.6974 7.607 -4.3907 -60.8003 6.2064 2.5605
4 16 -62.342 6.9517 -2.1182 -63.6974 7.607 -9.54 -63.6974 7.607 -9.75 -61.3476 6.471 -5.676
4 16 -63.6974 7.607 -4.3907 -63.6974 7.607 -5.3798 -62.1465 6.8572 -1.0483 -62.0234 6.7978 -0.3743
4 16 -63.6974 7.607 -5.3798 -63.6974 7.607 -5.424 -62.1504 6.8591 -1.0693 -62.1465 6.8572 -1.0483
4 16 -63.6974 7.607 -5.424 -63.6974 7.607 -5.4915 -62.1586 6.8631 -1.114 -62.1504 6.8591 -1.0693
3 16 -63.6974 7.607 -5.4915 -63.6974 7.607 -9.54 -62.1586 6.8631 -1.114
2 24 -63.6974 8.107 -9.75 -63.6974 8.107 9.75
4 15 -63.6974 8.107 -9.75 -63.6974 7.607 -9.75 -63.6974 7.607 9.75 -63.6974 8.107 9.75
2 24 -63.6974 8.107 -9.75 -63.6974 8.107 9.75
2 24 -63.6974 8.107 -9.75 -63.6974 7.607 -9.75
2 24 -63.6974 8.107 9.75 -63.6974 7.607 9.75
