0 Sticker for Stars and Stripes - 26 LDU wide - 14 LDU tall
0 Name: sticker_stars_and_stripes.dat
0 Author: svg2ldraw
0 !LICENSE Redistributable under CCAL version 2.0 : see CAreadme.txt
0 BFC CERTIFY CCW
3 15 -3.4667 0 0.0503 -3.6211 0 0.1651 -3.7158 0 -0.1328
3 15 -3.0667 0 0.3482 -3.3719 0 0.3482 -3.3123 0 0.1651
3 15 -3.3719 0 0.3482 -3.4667 0 0.6462 -3.5614 0 0.3482
4 15 -3.2175 0 -0.1328 -3.3123 0 0.1651 -3.3719 0 0.3482 -3.8667 0 0.3482
4 15 -3.2175 0 -0.1328 -3.8667 0 0.3482 -3.6211 0 0.1651 -3.4667 0 0.0503
3 15 -3.4667 0 1.5579 -3.6211 0 1.6728 -3.7158 0 1.3749
3 15 -3.0667 0 1.8559 -3.3719 0 1.8559 -3.3123 0 1.6728
3 15 -3.3719 0 1.8559 -3.4667 0 2.1538 -3.5614 0 1.8559
4 15 -3.2175 0 1.3749 -3.3123 0 1.6728 -3.3719 0 1.8559 -3.8667 0 1.8559
4 15 -3.2175 0 1.3749 -3.8667 0 1.8559 -3.6211 0 1.6728 -3.4667 0 1.5579
3 15 -3.4667 0 3.0656 -3.6211 0 3.1805 -3.7158 0 2.8826
3 15 -3.0667 0 3.3636 -3.3719 0 3.3636 -3.3123 0 3.1805
3 15 -3.3719 0 3.3636 -3.4667 0 3.6615 -3.5614 0 3.3636
4 15 -3.2175 0 2.8826 -3.3123 0 3.1805 -3.3719 0 3.3636 -3.8667 0 3.3636
4 15 -3.2175 0 2.8826 -3.8667 0 3.3636 -3.6211 0 3.1805 -3.4667 0 3.0656
3 15 -3.4667 0 4.5733 -3.6211 0 4.6882 -3.7158 0 4.3903
3 15 -3.0667 0 4.8713 -3.3719 0 4.8713 -3.3123 0 4.6882
3 15 -3.3719 0 4.8713 -3.4667 0 5.1692 -3.5614 0 4.8713
4 15 -3.2175 0 4.3903 -3.3123 0 4.6882 -3.3719 0 4.8713 -3.8667 0 4.8713
4 15 -3.2175 0 4.3903 -3.8667 0 4.8713 -3.6211 0 4.6882 -3.4667 0 4.5733
3 15 -3.4667 0 6.081 -3.6211 0 6.1959 -3.7158 0 5.8979
3 15 -3.0667 0 6.379 -3.3719 0 6.379 -3.3123 0 6.1959
3 15 -3.3719 0 6.379 -3.4667 0 6.6769 -3.5614 0 6.379
4 15 -3.2175 0 5.8979 -3.3123 0 6.1959 -3.3719 0 6.379 -3.8667 0 6.379
4 15 -3.2175 0 5.8979 -3.8667 0 6.379 -3.6211 0 6.1959 -3.4667 0 6.081
3 15 -4.3333 0 0.8041 -4.4877 0 0.919 -4.5825 0 0.621
3 15 -3.9333 0 1.1021 -4.2386 0 1.1021 -4.1789 0 0.919
3 15 -4.2386 0 1.1021 -4.3333 0 1.4 -4.4281 0 1.1021
4 15 -4.0842 0 0.621 -4.1789 0 0.919 -4.2386 0 1.1021 -4.7333 0 1.1021
4 15 -4.0842 0 0.621 -4.7333 0 1.1021 -4.4877 0 0.919 -4.3333 0 0.8041
3 15 -4.3333 0 2.3118 -4.4877 0 2.4267 -4.5825 0 2.1287
3 15 -3.9333 0 2.6097 -4.2386 0 2.6097 -4.1789 0 2.4267
3 15 -4.2386 0 2.6097 -4.3333 0 2.9077 -4.4281 0 2.6097
4 15 -4.0842 0 2.1287 -4.1789 0 2.4267 -4.2386 0 2.6097 -4.7333 0 2.6097
4 15 -4.0842 0 2.1287 -4.7333 0 2.6097 -4.4877 0 2.4267 -4.3333 0 2.3118
3 15 -4.3333 0 3.8195 -4.4877 0 3.9344 -4.5825 0 3.6364
3 15 -3.9333 0 4.1174 -4.2386 0 4.1174 -4.1789 0 3.9344
3 15 -4.2386 0 4.1174 -4.3333 0 4.4154 -4.4281 0 4.1174
4 15 -4.0842 0 3.6364 -4.1789 0 3.9344 -4.2386 0 4.1174 -4.7333 0 4.1174
4 15 -4.0842 0 3.6364 -4.7333 0 4.1174 -4.4877 0 3.9344 -4.3333 0 3.8195
3 15 -4.3333 0 5.3272 -4.4877 0 5.4421 -4.5825 0 5.1441
3 15 -3.9333 0 5.6251 -4.2386 0 5.6251 -4.1789 0 5.4421
3 15 -4.2386 0 5.6251 -4.3333 0 5.9231 -4.4281 0 5.6251
4 15 -4.0842 0 5.1441 -4.1789 0 5.4421 -4.2386 0 5.6251 -4.7333 0 5.6251
4 15 -4.0842 0 5.1441 -4.7333 0 5.6251 -4.4877 0 5.4421 -4.3333 0 5.3272
3 15 -5.2 0 0.0503 -5.3544 0 0.1651 -5.4491 0 -0.1328
3 15 -4.8 0 0.3482 -5.1053 0 0.3482 -5.0456 0 0.1651
3 15 -5.1053 0 0.3482 -5.2 0 0.6462 -5.2947 0 0.3482
4 15 -4.9509 0 -0.1328 -5.0456 0 0.1651 -5.1053 0 0.3482 -5.6 0 0.3482
4 15 -4.9509 0 -0.1328 -5.6 0 0.3482 -5.3544 0 0.1651 -5.2 0 0.0503
3 15 -5.2 0 1.5579 -5.3544 0 1.6728 -5.4491 0 1.3749
3 15 -4.8 0 1.8559 -5.1053 0 1.8559 -5.0456 0 1.6728
3 15 -5.1053 0 1.8559 -5.2 0 2.1538 -5.2947 0 1.8559
4 15 -4.9509 0 1.3749 -5.0456 0 1.6728 -5.1053 0 1.8559 -5.6 0 1.8559
4 15 -4.9509 0 1.3749 -5.6 0 1.8559 -5.3544 0 1.6728 -5.2 0 1.5579
3 15 -5.2 0 3.0656 -5.3544 0 3.1805 -5.4491 0 2.8826
3 15 -4.8 0 3.3636 -5.1053 0 3.3636 -5.0456 0 3.1805
3 15 -5.1053 0 3.3636 -5.2 0 3.6615 -5.2947 0 3.3636
4 15 -4.9509 0 2.8826 -5.0456 0 3.1805 -5.1053 0 3.3636 -5.6 0 3.3636
4 15 -4.9509 0 2.8826 -5.6 0 3.3636 -5.3544 0 3.1805 -5.2 0 3.0656
3 15 -5.2 0 4.5733 -5.3544 0 4.6882 -5.4491 0 4.3903
3 15 -4.8 0 4.8713 -5.1053 0 4.8713 -5.0456 0 4.6882
3 15 -5.1053 0 4.8713 -5.2 0 5.1692 -5.2947 0 4.8713
4 15 -4.9509 0 4.3903 -5.0456 0 4.6882 -5.1053 0 4.8713 -5.6 0 4.8713
4 15 -4.9509 0 4.3903 -5.6 0 4.8713 -5.3544 0 4.6882 -5.2 0 4.5733
3 15 -5.2 0 6.081 -5.3544 0 6.1959 -5.4491 0 5.8979
3 15 -4.8 0 6.379 -5.1053 0 6.379 -5.0456 0 6.1959
3 15 -5.1053 0 6.379 -5.2 0 6.6769 -5.2947 0 6.379
4 15 -4.9509 0 5.8979 -5.0456 0 6.1959 -5.1053 0 6.379 -5.6 0 6.379
4 15 -4.9509 0 5.8979 -5.6 0 6.379 -5.3544 0 6.1959 -5.2 0 6.081
3 15 -6.0667 0 0.8041 -6.2211 0 0.919 -6.3158 0 0.621
3 15 -5.6667 0 1.1021 -5.9719 0 1.1021 -5.9123 0 0.919
3 15 -5.9719 0 1.1021 -6.0667 0 1.4 -6.1614 0 1.1021
4 15 -5.8175 0 0.621 -5.9123 0 0.919 -5.9719 0 1.1021 -6.4667 0 1.1021
4 15 -5.8175 0 0.621 -6.4667 0 1.1021 -6.2211 0 0.919 -6.0667 0 0.8041
3 15 -6.0667 0 2.3118 -6.2211 0 2.4267 -6.3158 0 2.1287
3 15 -5.6667 0 2.6097 -5.9719 0 2.6097 -5.9123 0 2.4267
3 15 -5.9719 0 2.6097 -6.0667 0 2.9077 -6.1614 0 2.6097
4 15 -5.8175 0 2.1287 -5.9123 0 2.4267 -5.9719 0 2.6097 -6.4667 0 2.6097
4 15 -5.8175 0 2.1287 -6.4667 0 2.6097 -6.2211 0 2.4267 -6.0667 0 2.3118
3 15 -6.0667 0 3.8195 -6.2211 0 3.9344 -6.3158 0 3.6364
3 15 -5.6667 0 4.1174 -5.9719 0 4.1174 -5.9123 0 3.9344
3 15 -5.9719 0 4.1174 -6.0667 0 4.4154 -6.1614 0 4.1174
4 15 -5.8175 0 3.6364 -5.9123 0 3.9344 -5.9719 0 4.1174 -6.4667 0 4.1174
4 15 -5.8175 0 3.6364 -6.4667 0 4.1174 -6.2211 0 3.9344 -6.0667 0 3.8195
3 15 -6.0667 0 5.3272 -6.2211 0 5.4421 -6.3158 0 5.1441
3 15 -5.6667 0 5.6251 -5.9719 0 5.6251 -5.9123 0 5.4421
3 15 -5.9719 0 5.6251 -6.0667 0 5.9231 -6.1614 0 5.6251
4 15 -5.8175 0 5.1441 -5.9123 0 5.4421 -5.9719 0 5.6251 -6.4667 0 5.6251
4 15 -5.8175 0 5.1441 -6.4667 0 5.6251 -6.2211 0 5.4421 -6.0667 0 5.3272
3 15 -6.9333 0 0.0503 -7.0877 0 0.1651 -7.1825 0 -0.1328
3 15 -6.5333 0 0.3482 -6.8386 0 0.3482 -6.7789 0 0.1651
3 15 -6.8386 0 0.3482 -6.9333 0 0.6462 -7.0281 0 0.3482
4 15 -6.6842 0 -0.1328 -6.7789 0 0.1651 -6.8386 0 0.3482 -7.3333 0 0.3482
4 15 -6.6842 0 -0.1328 -7.3333 0 0.3482 -7.0877 0 0.1651 -6.9333 0 0.0503
3 15 -6.9333 0 1.5579 -7.0877 0 1.6728 -7.1825 0 1.3749
3 15 -6.5333 0 1.8559 -6.8386 0 1.8559 -6.7789 0 1.6728
3 15 -6.8386 0 1.8559 -6.9333 0 2.1538 -7.0281 0 1.8559
4 15 -6.6842 0 1.3749 -6.7789 0 1.6728 -6.8386 0 1.8559 -7.3333 0 1.8559
4 15 -6.6842 0 1.3749 -7.3333 0 1.8559 -7.0877 0 1.6728 -6.9333 0 1.5579
3 15 -6.9333 0 3.0656 -7.0877 0 3.1805 -7.1825 0 2.8826
3 15 -6.5333 0 3.3636 -6.8386 0 3.3636 -6.7789 0 3.1805
3 15 -6.8386 0 3.3636 -6.9333 0 3.6615 -7.0281 0 3.3636
4 15 -6.6842 0 2.8826 -6.7789 0 3.1805 -6.8386 0 3.3636 -7.3333 0 3.3636
4 15 -6.6842 0 2.8826 -7.3333 0 3.3636 -7.0877 0 3.1805 -6.9333 0 3.0656
3 15 -6.9333 0 4.5733 -7.0877 0 4.6882 -7.1825 0 4.3903
3 15 -6.5333 0 4.8713 -6.8386 0 4.8713 -6.7789 0 4.6882
3 15 -6.8386 0 4.8713 -6.9333 0 5.1692 -7.0281 0 4.8713
4 15 -6.6842 0 4.3903 -6.7789 0 4.6882 -6.8386 0 4.8713 -7.3333 0 4.8713
4 15 -6.6842 0 4.3903 -7.3333 0 4.8713 -7.0877 0 4.6882 -6.9333 0 4.5733
3 15 -6.9333 0 6.081 -7.0877 0 6.1959 -7.1825 0 5.8979
3 15 -6.5333 0 6.379 -6.8386 0 6.379 -6.7789 0 6.1959
3 15 -6.8386 0 6.379 -6.9333 0 6.6769 -7.0281 0 6.379
4 15 -6.6842 0 5.8979 -6.7789 0 6.1959 -6.8386 0 6.379 -7.3333 0 6.379
4 15 -6.6842 0 5.8979 -7.3333 0 6.379 -7.0877 0 6.1959 -6.9333 0 6.081
3 15 -7.8 0 0.8041 -7.9544 0 0.919 -8.0491 0 0.621
3 15 -7.4 0 1.1021 -7.7053 0 1.1021 -7.6456 0 0.919
3 15 -7.7053 0 1.1021 -7.8 0 1.4 -7.8947 0 1.1021
4 15 -7.5509 0 0.621 -7.6456 0 0.919 -7.7053 0 1.1021 -8.2 0 1.1021
4 15 -7.5509 0 0.621 -8.2 0 1.1021 -7.9544 0 0.919 -7.8 0 0.8041
3 15 -7.8 0 2.3118 -7.9544 0 2.4267 -8.0491 0 2.1287
3 15 -7.4 0 2.6097 -7.7053 0 2.6097 -7.6456 0 2.4267
3 15 -7.7053 0 2.6097 -7.8 0 2.9077 -7.8947 0 2.6097
4 15 -7.5509 0 2.1287 -7.6456 0 2.4267 -7.7053 0 2.6097 -8.2 0 2.6097
4 15 -7.5509 0 2.1287 -8.2 0 2.6097 -7.9544 0 2.4267 -7.8 0 2.3118
3 15 -7.8 0 3.8195 -7.9544 0 3.9344 -8.0491 0 3.6364
3 15 -7.4 0 4.1174 -7.7053 0 4.1174 -7.6456 0 3.9344
3 15 -7.7053 0 4.1174 -7.8 0 4.4154 -7.8947 0 4.1174
4 15 -7.5509 0 3.6364 -7.6456 0 3.9344 -7.7053 0 4.1174 -8.2 0 4.1174
4 15 -7.5509 0 3.6364 -8.2 0 4.1174 -7.9544 0 3.9344 -7.8 0 3.8195
3 15 -7.8 0 5.3272 -7.9544 0 5.4421 -8.0491 0 5.1441
3 15 -7.4 0 5.6251 -7.7053 0 5.6251 -7.6456 0 5.4421
3 15 -7.7053 0 5.6251 -7.8 0 5.9231 -7.8947 0 5.6251
4 15 -7.5509 0 5.1441 -7.6456 0 5.4421 -7.7053 0 5.6251 -8.2 0 5.6251
4 15 -7.5509 0 5.1441 -8.2 0 5.6251 -7.9544 0 5.4421 -7.8 0 5.3272
3 15 -8.6667 0 0.0503 -8.8211 0 0.1651 -8.9158 0 -0.1328
3 15 -8.2667 0 0.3482 -8.5719 0 0.3482 -8.5123 0 0.1651
3 15 -8.5719 0 0.3482 -8.6667 0 0.6462 -8.7614 0 0.3482
4 15 -8.4175 0 -0.1328 -8.5123 0 0.1651 -8.5719 0 0.3482 -9.0667 0 0.3482
4 15 -8.4175 0 -0.1328 -9.0667 0 0.3482 -8.8211 0 0.1651 -8.6667 0 0.0503
3 15 -8.6667 0 1.5579 -8.8211 0 1.6728 -8.9158 0 1.3749
3 15 -8.2667 0 1.8559 -8.5719 0 1.8559 -8.5123 0 1.6728
3 15 -8.5719 0 1.8559 -8.6667 0 2.1538 -8.7614 0 1.8559
4 15 -8.4175 0 1.3749 -8.5123 0 1.6728 -8.5719 0 1.8559 -9.0667 0 1.8559
4 15 -8.4175 0 1.3749 -9.0667 0 1.8559 -8.8211 0 1.6728 -8.6667 0 1.5579
3 15 -8.6667 0 3.0656 -8.8211 0 3.1805 -8.9158 0 2.8826
3 15 -8.2667 0 3.3636 -8.5719 0 3.3636 -8.5123 0 3.1805
3 15 -8.5719 0 3.3636 -8.6667 0 3.6615 -8.7614 0 3.3636
4 15 -8.4175 0 2.8826 -8.5123 0 3.1805 -8.5719 0 3.3636 -9.0667 0 3.3636
4 15 -8.4175 0 2.8826 -9.0667 0 3.3636 -8.8211 0 3.1805 -8.6667 0 3.0656
3 15 -8.6667 0 4.5733 -8.8211 0 4.6882 -8.9158 0 4.3903
3 15 -8.2667 0 4.8713 -8.5719 0 4.8713 -8.5123 0 4.6882
3 15 -8.5719 0 4.8713 -8.6667 0 5.1692 -8.7614 0 4.8713
4 15 -8.4175 0 4.3903 -8.5123 0 4.6882 -8.5719 0 4.8713 -9.0667 0 4.8713
4 15 -8.4175 0 4.3903 -9.0667 0 4.8713 -8.8211 0 4.6882 -8.6667 0 4.5733
3 15 -8.6667 0 6.081 -8.8211 0 6.1959 -8.9158 0 5.8979
3 15 -8.2667 0 6.379 -8.5719 0 6.379 -8.5123 0 6.1959
3 15 -8.5719 0 6.379 -8.6667 0 6.6769 -8.7614 0 6.379
4 15 -8.4175 0 5.8979 -8.5123 0 6.1959 -8.5719 0 6.379 -9.0667 0 6.379
4 15 -8.4175 0 5.8979 -9.0667 0 6.379 -8.8211 0 6.1959 -8.6667 0 6.081
3 15 -9.5333 0 0.8041 -9.6877 0 0.919 -9.7825 0 0.621
3 15 -9.1333 0 1.1021 -9.4386 0 1.1021 -9.3789 0 0.919
3 15 -9.4386 0 1.1021 -9.5333 0 1.4 -9.6281 0 1.1021
4 15 -9.2842 0 0.621 -9.3789 0 0.919 -9.4386 0 1.1021 -9.9333 0 1.1021
4 15 -9.2842 0 0.621 -9.9333 0 1.1021 -9.6877 0 0.919 -9.5333 0 0.8041
3 15 -9.5333 0 2.3118 -9.6877 0 2.4267 -9.7825 0 2.1287
3 15 -9.1333 0 2.6097 -9.4386 0 2.6097 -9.3789 0 2.4267
3 15 -9.4386 0 2.6097 -9.5333 0 2.9077 -9.6281 0 2.6097
4 15 -9.2842 0 2.1287 -9.3789 0 2.4267 -9.4386 0 2.6097 -9.9333 0 2.6097
4 15 -9.2842 0 2.1287 -9.9333 0 2.6097 -9.6877 0 2.4267 -9.5333 0 2.3118
3 15 -9.5333 0 3.8195 -9.6877 0 3.9344 -9.7825 0 3.6364
3 15 -9.1333 0 4.1174 -9.4386 0 4.1174 -9.3789 0 3.9344
3 15 -9.4386 0 4.1174 -9.5333 0 4.4154 -9.6281 0 4.1174
4 15 -9.2842 0 3.6364 -9.3789 0 3.9344 -9.4386 0 4.1174 -9.9333 0 4.1174
4 15 -9.2842 0 3.6364 -9.9333 0 4.1174 -9.6877 0 3.9344 -9.5333 0 3.8195
3 15 -9.5333 0 5.3272 -9.6877 0 5.4421 -9.7825 0 5.1441
3 15 -9.1333 0 5.6251 -9.4386 0 5.6251 -9.3789 0 5.4421
3 15 -9.4386 0 5.6251 -9.5333 0 5.9231 -9.6281 0 5.6251
4 15 -9.2842 0 5.1441 -9.3789 0 5.4421 -9.4386 0 5.6251 -9.9333 0 5.6251
4 15 -9.2842 0 5.1441 -9.9333 0 5.6251 -9.6877 0 5.4421 -9.5333 0 5.3272
3 15 -10.4 0 0.0503 -10.5544 0 0.1651 -10.6491 0 -0.1328
3 15 -10 0 0.3482 -10.3053 0 0.3482 -10.2456 0 0.1651
3 15 -10.3053 0 0.3482 -10.4 0 0.6462 -10.4947 0 0.3482
4 15 -10.1509 0 -0.1328 -10.2456 0 0.1651 -10.3053 0 0.3482 -10.8 0 0.3482
4 15 -10.1509 0 -0.1328 -10.8 0 0.3482 -10.5544 0 0.1651 -10.4 0 0.0503
3 15 -10.4 0 1.5579 -10.5544 0 1.6728 -10.6491 0 1.3749
3 15 -10 0 1.8559 -10.3053 0 1.8559 -10.2456 0 1.6728
3 15 -10.3053 0 1.8559 -10.4 0 2.1538 -10.4947 0 1.8559
4 15 -10.1509 0 1.3749 -10.2456 0 1.6728 -10.3053 0 1.8559 -10.8 0 1.8559
4 15 -10.1509 0 1.3749 -10.8 0 1.8559 -10.5544 0 1.6728 -10.4 0 1.5579
3 15 -10.4 0 3.0656 -10.5544 0 3.1805 -10.6491 0 2.8826
3 15 -10 0 3.3636 -10.3053 0 3.3636 -10.2456 0 3.1805
3 15 -10.3053 0 3.3636 -10.4 0 3.6615 -10.4947 0 3.3636
4 15 -10.1509 0 2.8826 -10.2456 0 3.1805 -10.3053 0 3.3636 -10.8 0 3.3636
4 15 -10.1509 0 2.8826 -10.8 0 3.3636 -10.5544 0 3.1805 -10.4 0 3.0656
3 15 -10.4 0 4.5733 -10.5544 0 4.6882 -10.6491 0 4.3903
3 15 -10 0 4.8713 -10.3053 0 4.8713 -10.2456 0 4.6882
3 15 -10.3053 0 4.8713 -10.4 0 5.1692 -10.4947 0 4.8713
4 15 -10.1509 0 4.3903 -10.2456 0 4.6882 -10.3053 0 4.8713 -10.8 0 4.8713
4 15 -10.1509 0 4.3903 -10.8 0 4.8713 -10.5544 0 4.6882 -10.4 0 4.5733
3 15 -10.4 0 6.081 -10.5544 0 6.1959 -10.6491 0 5.8979
3 15 -10 0 6.379 -10.3053 0 6.379 -10.2456 0 6.1959
3 15 -10.3053 0 6.379 -10.4 0 6.6769 -10.4947 0 6.379
4 15 -10.1509 0 5.8979 -10.2456 0 6.1959 -10.3053 0 6.379 -10.8 0 6.379
4 15 -10.1509 0 5.8979 -10.8 0 6.379 -10.5544 0 6.1959 -10.4 0 6.081
3 15 -11.2667 0 0.8041 -11.4211 0 0.919 -11.5158 0 0.621
3 15 -10.8667 0 1.1021 -11.1719 0 1.1021 -11.1123 0 0.919
3 15 -11.1719 0 1.1021 -11.2667 0 1.4 -11.3614 0 1.1021
4 15 -11.0175 0 0.621 -11.1123 0 0.919 -11.1719 0 1.1021 -11.6667 0 1.1021
4 15 -11.0175 0 0.621 -11.6667 0 1.1021 -11.4211 0 0.919 -11.2667 0 0.8041
3 15 -11.2667 0 2.3118 -11.4211 0 2.4267 -11.5158 0 2.1287
3 15 -10.8667 0 2.6097 -11.1719 0 2.6097 -11.1123 0 2.4267
3 15 -11.1719 0 2.6097 -11.2667 0 2.9077 -11.3614 0 2.6097
4 15 -11.0175 0 2.1287 -11.1123 0 2.4267 -11.1719 0 2.6097 -11.6667 0 2.6097
4 15 -11.0175 0 2.1287 -11.6667 0 2.6097 -11.4211 0 2.4267 -11.2667 0 2.3118
3 15 -11.2667 0 3.8195 -11.4211 0 3.9344 -11.5158 0 3.6364
3 15 -10.8667 0 4.1174 -11.1719 0 4.1174 -11.1123 0 3.9344
3 15 -11.1719 0 4.1174 -11.2667 0 4.4154 -11.3614 0 4.1174
4 15 -11.0175 0 3.6364 -11.1123 0 3.9344 -11.1719 0 4.1174 -11.6667 0 4.1174
4 15 -11.0175 0 3.6364 -11.6667 0 4.1174 -11.4211 0 3.9344 -11.2667 0 3.8195
3 15 -11.2667 0 5.3272 -11.4211 0 5.4421 -11.5158 0 5.1441
3 15 -10.8667 0 5.6251 -11.1719 0 5.6251 -11.1123 0 5.4421
3 15 -11.1719 0 5.6251 -11.2667 0 5.9231 -11.3614 0 5.6251
4 15 -11.0175 0 5.1441 -11.1123 0 5.4421 -11.1719 0 5.6251 -11.6667 0 5.6251
4 15 -11.0175 0 5.1441 -11.6667 0 5.6251 -11.4211 0 5.4421 -11.2667 0 5.3272
3 15 -12.1333 0 0.0503 -12.2877 0 0.1651 -12.3825 0 -0.1328
3 15 -11.7333 0 0.3482 -12.0386 0 0.3482 -11.9789 0 0.1651
3 15 -12.0386 0 0.3482 -12.1333 0 0.6462 -12.2281 0 0.3482
4 15 -11.8842 0 -0.1328 -11.9789 0 0.1651 -12.0386 0 0.3482 -12.5333 0 0.3482
4 15 -11.8842 0 -0.1328 -12.5333 0 0.3482 -12.2877 0 0.1651 -12.1333 0 0.0503
3 15 -12.1333 0 1.5579 -12.2877 0 1.6728 -12.3825 0 1.3749
3 15 -11.7333 0 1.8559 -12.0386 0 1.8559 -11.9789 0 1.6728
3 15 -12.0386 0 1.8559 -12.1333 0 2.1538 -12.2281 0 1.8559
4 15 -11.8842 0 1.3749 -11.9789 0 1.6728 -12.0386 0 1.8559 -12.5333 0 1.8559
4 15 -11.8842 0 1.3749 -12.5333 0 1.8559 -12.2877 0 1.6728 -12.1333 0 1.5579
3 15 -12.1333 0 3.0656 -12.2877 0 3.1805 -12.3825 0 2.8826
3 15 -11.7333 0 3.3636 -12.0386 0 3.3636 -11.9789 0 3.1805
3 15 -12.0386 0 3.3636 -12.1333 0 3.6615 -12.2281 0 3.3636
4 15 -11.8842 0 2.8826 -11.9789 0 3.1805 -12.0386 0 3.3636 -12.5333 0 3.3636
4 15 -11.8842 0 2.8826 -12.5333 0 3.3636 -12.2877 0 3.1805 -12.1333 0 3.0656
3 15 -12.1333 0 4.5733 -12.2877 0 4.6882 -12.3825 0 4.3903
3 15 -11.7333 0 4.8713 -12.0386 0 4.8713 -11.9789 0 4.6882
3 15 -12.0386 0 4.8713 -12.1333 0 5.1692 -12.2281 0 4.8713
4 15 -11.8842 0 4.3903 -11.9789 0 4.6882 -12.0386 0 4.8713 -12.5333 0 4.8713
4 15 -11.8842 0 4.3903 -12.5333 0 4.8713 -12.2877 0 4.6882 -12.1333 0 4.5733
3 15 -12.1333 0 6.081 -12.2877 0 6.1959 -12.3825 0 5.8979
3 15 -11.7333 0 6.379 -12.0386 0 6.379 -11.9789 0 6.1959
3 15 -12.0386 0 6.379 -12.1333 0 6.6769 -12.2281 0 6.379
4 15 -11.8842 0 5.8979 -11.9789 0 6.1959 -12.0386 0 6.379 -12.5333 0 6.379
4 15 -11.8842 0 5.8979 -12.5333 0 6.379 -12.2877 0 6.1959 -12.1333 0 6.081
4 85 -12.0306 0 7 -13 0 7 -13 0 6.379 -12.2281 0 6.379
4 85 -10.2973 0 7 -12.0306 0 7 -12.1333 0 6.6769 -12.0386 0 6.379
3 85 -10.2973 0 7 -12.0386 0 6.379 -10.4947 0 6.379
4 85 -8.5639 0 7 -10.2973 0 7 -10.4 0 6.6769 -10.3053 0 6.379
3 85 -8.5639 0 7 -10.3053 0 6.379 -8.7614 0 6.379
4 85 -6.8306 0 7 -8.5639 0 7 -8.6667 0 6.6769 -8.5719 0 6.379
3 85 -6.8306 0 7 -8.5719 0 6.379 -7.0281 0 6.379
4 85 -5.0973 0 7 -6.8306 0 7 -6.9333 0 6.6769 -6.8386 0 6.379
3 85 -5.0973 0 7 -6.8386 0 6.379 -5.2947 0 6.379
4 85 -3.3654 0 7 -5.0973 0 7 -5.2 0 6.6769 -5.1053 0 6.379
3 85 -3.3654 0 7 -5.1053 0 6.379 -3.5628 0 6.379
4 85 -12.2877 0 6.1959 -12.5333 0 6.379 -13 0 6.379 -13 0 5.6251
3 85 -12.2877 0 6.1959 -13 0 5.6251 -12.4692 0 5.6251
4 85 -11.513 0 5.6251 -12.1333 0 6.081 -12.3825 0 5.8979 -12.4692 0 5.6251
4 85 -11.1217 0 6.379 -11.7279 0 6.379 -11.9786 0 6.1947 -11.8842 0 5.8979
4 85 -11.1217 0 6.379 -11.8842 0 5.8979 -11.513 0 5.6251 -11.3614 0 5.6251
4 85 -11.7279 0 6.379 -11.7333 0 6.379 -11.9789 0 6.1959 -11.9786 0 6.1948
4 85 -10.5544 0 6.1959 -10.8 0 6.379 -11.1217 0 6.379 -11.2667 0 5.9231
4 85 -10.5544 0 6.1959 -11.2667 0 5.9231 -11.1719 0 5.6251 -10.7359 0 5.6251
4 85 -9.7796 0 5.6251 -10.4 0 6.081 -10.6491 0 5.8979 -10.7359 0 5.6251
4 85 -9.3884 0 6.379 -9.9946 0 6.379 -10.2452 0 6.1947 -10.1509 0 5.8979
4 85 -9.3884 0 6.379 -10.1509 0 5.8979 -9.7796 0 5.6251 -9.6281 0 5.6251
4 85 -9.9946 0 6.379 -10 0 6.379 -10.2456 0 6.1959 -10.2452 0 6.1948
4 85 -8.8211 0 6.1959 -9.0667 0 6.379 -9.3884 0 6.379 -9.5333 0 5.9231
4 85 -8.8211 0 6.1959 -9.5333 0 5.9231 -9.4386 0 5.6251 -9.0025 0 5.6251
4 85 -8.0463 0 5.6251 -8.6667 0 6.081 -8.9158 0 5.8979 -9.0025 0 5.6251
4 85 -7.655 0 6.379 -8.2612 0 6.379 -8.5119 0 6.1947 -8.4175 0 5.8979
4 85 -7.655 0 6.379 -8.4175 0 5.8979 -8.0463 0 5.6251 -7.8947 0 5.6251
4 85 -8.2612 0 6.379 -8.2667 0 6.379 -8.5123 0 6.1959 -8.5119 0 6.1948
4 85 -7.0877 0 6.1959 -7.3333 0 6.379 -7.655 0 6.379 -7.8 0 5.9231
4 85 -7.0877 0 6.1959 -7.8 0 5.9231 -7.7053 0 5.6251 -7.2692 0 5.6251
4 85 -6.313 0 5.6251 -6.9333 0 6.081 -7.1825 0 5.8979 -7.2692 0 5.6251
4 85 -5.9217 0 6.379 -6.5279 0 6.379 -6.7786 0 6.1947 -6.6842 0 5.8979
4 85 -5.9217 0 6.379 -6.6842 0 5.8979 -6.313 0 5.6251 -6.1614 0 5.6251
4 85 -6.5279 0 6.379 -6.5333 0 6.379 -6.7789 0 6.1959 -6.7786 0 6.1948
4 85 -5.3544 0 6.1959 -5.6 0 6.379 -5.9217 0 6.379 -6.0667 0 5.9231
4 85 -5.3544 0 6.1959 -6.0667 0 5.9231 -5.9719 0 5.6251 -5.5359 0 5.6251
4 85 -4.5796 0 5.6251 -5.2 0 6.081 -5.4491 0 5.8979 -5.5359 0 5.6251
4 85 -4.1898 0 6.379 -4.7946 0 6.379 -5.0452 0 6.1947 -4.9509 0 5.8979
4 85 -4.1898 0 6.379 -4.9509 0 5.8979 -4.5796 0 5.6251 -4.4295 0 5.6251
4 85 -4.7946 0 6.379 -4.8 0 6.379 -5.0456 0 6.1959 -5.0452 0 6.1948
4 85 -11.9884 0 5.6251 -13 0 5.6251 -13 0 4.8713 -12.2281 0 4.8713
4 85 -11.4211 0 5.4421 -11.6667 0 5.6251 -11.9884 0 5.6251 -12.1333 0 5.1692
4 85 -11.4211 0 5.4421 -12.1333 0 5.1692 -12.0386 0 4.8713 -11.6025 0 4.8713
4 85 -10.6463 0 4.8713 -11.2667 0 5.3272 -11.5158 0 5.1441 -11.6025 0 4.8713
4 85 -10.255 0 5.6251 -10.8612 0 5.6251 -11.1119 0 5.4409 -11.0175 0 5.1441
4 85 -10.255 0 5.6251 -11.0175 0 5.1441 -10.6463 0 4.8713 -10.4947 0 4.8713
4 85 -10.8612 0 5.6251 -10.8667 0 5.6251 -11.1123 0 5.4421 -11.1119 0 5.4409
4 85 -9.6877 0 5.4421 -9.9333 0 5.6251 -10.255 0 5.6251 -10.4 0 5.1692
4 85 -9.6877 0 5.4421 -10.4 0 5.1692 -10.3053 0 4.8713 -9.8692 0 4.8713
4 85 -8.913 0 4.8713 -9.5333 0 5.3272 -9.7825 0 5.1441 -9.8692 0 4.8713
4 85 -8.5217 0 5.6251 -9.1279 0 5.6251 -9.3786 0 5.4409 -9.2842 0 5.1441
4 85 -8.5217 0 5.6251 -9.2842 0 5.1441 -8.913 0 4.8713 -8.7614 0 4.8713
4 85 -9.1279 0 5.6251 -9.1333 0 5.6251 -9.3789 0 5.4421 -9.3786 0 5.4409
4 85 -7.9544 0 5.4421 -8.2 0 5.6251 -8.5217 0 5.6251 -8.6667 0 5.1692
4 85 -7.9544 0 5.4421 -8.6667 0 5.1692 -8.5719 0 4.8713 -8.1359 0 4.8713
4 85 -7.1796 0 4.8713 -7.8 0 5.3272 -8.0491 0 5.1441 -8.1359 0 4.8713
4 85 -6.7884 0 5.6251 -7.3946 0 5.6251 -7.6452 0 5.4409 -7.5509 0 5.1441
4 85 -6.7884 0 5.6251 -7.5509 0 5.1441 -7.1796 0 4.8713 -7.0281 0 4.8713
4 85 -7.3946 0 5.6251 -7.4 0 5.6251 -7.6456 0 5.4421 -7.6452 0 5.4409
4 85 -6.2211 0 5.4421 -6.4667 0 5.6251 -6.7884 0 5.6251 -6.9333 0 5.1692
4 85 -6.2211 0 5.4421 -6.9333 0 5.1692 -6.8386 0 4.8713 -6.4025 0 4.8713
4 85 -5.4463 0 4.8713 -6.0667 0 5.3272 -6.3158 0 5.1441 -6.4025 0 4.8713
4 85 -5.055 0 5.6251 -5.6612 0 5.6251 -5.9119 0 5.4409 -5.8175 0 5.1441
4 85 -5.055 0 5.6251 -5.8175 0 5.1441 -5.4463 0 4.8713 -5.2947 0 4.8713
4 85 -5.6612 0 5.6251 -5.6667 0 5.6251 -5.9123 0 5.4421 -5.9119 0 5.4409
4 85 -4.4877 0 5.4421 -4.7333 0 5.6251 -5.055 0 5.6251 -5.2 0 5.1692
4 85 -4.4877 0 5.4421 -5.2 0 5.1692 -5.1053 0 4.8713 -4.6692 0 4.8713
4 85 -3.9799 0 5.0674 -4.3333 0 5.3272 -4.5825 0 5.1441 -4.6692 0 4.8713
3 85 -3.9799 0 5.0674 -4.6692 0 4.8713 -4.0422 0 4.8713
4 85 -3.7643 0 5.7453 -4.1786 0 5.4409 -4.0842 0 5.1441 -3.9799 0 5.0674
4 85 -3.9279 0 5.6251 -3.9333 0 5.6251 -4.1789 0 5.4421 -4.1786 0 5.4409
4 85 -4.1884 0 6.379 -4.1898 0 6.379 -4.4295 0 5.6251 -4.4281 0 5.6251
4 85 -3.6211 0 6.1959 -3.8667 0 6.379 -4.1884 0 6.379 -4.3333 0 5.9231
4 85 -3.6211 0 6.1959 -4.3333 0 5.9231 -4.2386 0 5.6251 -3.9279 0 5.6251
3 85 -3.6211 0 6.1959 -3.9279 0 5.6251 -3.7643 0 5.7453
4 85 -3.2328 0 5.9092 -3.4667 0 6.081 -3.7158 0 5.8979 -4.0422 0 4.8713
3 85 -3.2328 0 5.9092 -4.0422 0 4.8713 -3.5628 0 4.8713
3 85 -3.0902 0 6.3577 -3.3119 0 6.1947 -3.227 0 5.9276
4 85 -3.0887 0 6.3626 -3.3123 0 6.1959 -3.3119 0 6.1948 -3.0902 0 6.3577
4 85 -3.3639 0 7 -3.3654 0 7 -3.5628 0 6.379 -3.5614 0 6.379
4 85 -2.886 0 7 -3.3639 0 7 -3.4667 0 6.6769 -3.3719 0 6.379
3 85 -2.886 0 7 -3.3719 0 6.379 -3.0834 0 6.379
4 85 -12.2877 0 4.6882 -12.5333 0 4.8713 -13 0 4.8713 -13 0 4.1174
3 85 -12.2877 0 4.6882 -13 0 4.1174 -12.4692 0 4.1174
4 85 -11.513 0 4.1174 -12.1333 0 4.5733 -12.3825 0 4.3903 -12.4692 0 4.1174
4 85 -11.1217 0 4.8713 -11.7279 0 4.8713 -11.9786 0 4.6871 -11.8842 0 4.3903
4 85 -11.1217 0 4.8713 -11.8842 0 4.3903 -11.513 0 4.1174 -11.3614 0 4.1174
4 85 -11.7279 0 4.8713 -11.7333 0 4.8713 -11.9789 0 4.6882 -11.9786 0 4.6871
4 85 -10.5544 0 4.6882 -10.8 0 4.8713 -11.1217 0 4.8713 -11.2667 0 4.4154
4 85 -10.5544 0 4.6882 -11.2667 0 4.4154 -11.1719 0 4.1174 -10.7359 0 4.1174
4 85 -9.7796 0 4.1174 -10.4 0 4.5733 -10.6491 0 4.3903 -10.7359 0 4.1174
4 85 -9.3884 0 4.8713 -9.9946 0 4.8713 -10.2452 0 4.6871 -10.1509 0 4.3903
4 85 -9.3884 0 4.8713 -10.1509 0 4.3903 -9.7796 0 4.1174 -9.6281 0 4.1174
4 85 -9.9946 0 4.8713 -10 0 4.8713 -10.2456 0 4.6882 -10.2452 0 4.6871
4 85 -8.8211 0 4.6882 -9.0667 0 4.8713 -9.3884 0 4.8713 -9.5333 0 4.4154
4 85 -8.8211 0 4.6882 -9.5333 0 4.4154 -9.4386 0 4.1174 -9.0025 0 4.1174
4 85 -8.0463 0 4.1174 -8.6667 0 4.5733 -8.9158 0 4.3903 -9.0025 0 4.1174
4 85 -7.655 0 4.8713 -8.2612 0 4.8713 -8.5119 0 4.6871 -8.4175 0 4.3903
4 85 -7.655 0 4.8713 -8.4175 0 4.3903 -8.0463 0 4.1174 -7.8947 0 4.1174
4 85 -8.2612 0 4.8713 -8.2667 0 4.8713 -8.5123 0 4.6882 -8.5119 0 4.6871
4 85 -7.0877 0 4.6882 -7.3333 0 4.8713 -7.655 0 4.8713 -7.8 0 4.4154
4 85 -7.0877 0 4.6882 -7.8 0 4.4154 -7.7053 0 4.1174 -7.2692 0 4.1174
4 85 -6.313 0 4.1174 -6.9333 0 4.5733 -7.1825 0 4.3903 -7.2692 0 4.1174
4 85 -5.9217 0 4.8713 -6.5279 0 4.8713 -6.7786 0 4.6871 -6.6842 0 4.3903
4 85 -5.9217 0 4.8713 -6.6842 0 4.3903 -6.313 0 4.1174 -6.1614 0 4.1174
4 85 -6.5279 0 4.8713 -6.5333 0 4.8713 -6.7789 0 4.6882 -6.7786 0 4.6871
4 85 -5.3544 0 4.6882 -5.6 0 4.8713 -5.9217 0 4.8713 -6.0667 0 4.4154
4 85 -5.3544 0 4.6882 -6.0667 0 4.4154 -5.9719 0 4.1174 -5.5359 0 4.1174
4 85 -4.5796 0 4.1174 -5.2 0 4.5733 -5.4491 0 4.3903 -5.5359 0 4.1174
4 85 -4.1898 0 4.8713 -4.7946 0 4.8713 -5.0452 0 4.6871 -4.9509 0 4.3903
4 85 -4.1898 0 4.8713 -4.9509 0 4.3903 -4.5796 0 4.1174 -4.4295 0 4.1174
4 85 -4.7946 0 4.8713 -4.8 0 4.8713 -5.0456 0 4.6882 -5.0452 0 4.6871
4 85 -11.9884 0 4.1174 -13 0 4.1174 -13 0 3.3636 -12.2281 0 3.3636
4 85 -11.4211 0 3.9344 -11.6667 0 4.1174 -11.9884 0 4.1174 -12.1333 0 3.6615
4 85 -11.4211 0 3.9344 -12.1333 0 3.6615 -12.0386 0 3.3636 -11.6025 0 3.3636
4 85 -10.6463 0 3.3636 -11.2667 0 3.8195 -11.5158 0 3.6364 -11.6025 0 3.3636
4 85 -10.255 0 4.1174 -10.8612 0 4.1174 -11.1119 0 3.9332 -11.0175 0 3.6364
4 85 -10.255 0 4.1174 -11.0175 0 3.6364 -10.6463 0 3.3636 -10.4947 0 3.3636
4 85 -10.8612 0 4.1174 -10.8667 0 4.1174 -11.1123 0 3.9344 -11.1119 0 3.9332
4 85 -9.6877 0 3.9344 -9.9333 0 4.1174 -10.255 0 4.1174 -10.4 0 3.6615
4 85 -9.6877 0 3.9344 -10.4 0 3.6615 -10.3053 0 3.3636 -9.8692 0 3.3636
4 85 -8.913 0 3.3636 -9.5333 0 3.8195 -9.7825 0 3.6364 -9.8692 0 3.3636
4 85 -8.5217 0 4.1174 -9.1279 0 4.1174 -9.3786 0 3.9332 -9.2842 0 3.6364
4 85 -8.5217 0 4.1174 -9.2842 0 3.6364 -8.913 0 3.3636 -8.7614 0 3.3636
4 85 -9.1279 0 4.1174 -9.1333 0 4.1174 -9.3789 0 3.9344 -9.3786 0 3.9332
4 85 -7.9544 0 3.9344 -8.2 0 4.1174 -8.5217 0 4.1174 -8.6667 0 3.6615
4 85 -7.9544 0 3.9344 -8.6667 0 3.6615 -8.5719 0 3.3636 -8.1359 0 3.3636
4 85 -7.1796 0 3.3636 -7.8 0 3.8195 -8.0491 0 3.6364 -8.1359 0 3.3636
4 85 -6.7884 0 4.1174 -7.3946 0 4.1174 -7.6452 0 3.9332 -7.5509 0 3.6364
4 85 -6.7884 0 4.1174 -7.5509 0 3.6364 -7.1796 0 3.3636 -7.0281 0 3.3636
4 85 -7.3946 0 4.1174 -7.4 0 4.1174 -7.6456 0 3.9344 -7.6452 0 3.9332
4 85 -6.2211 0 3.9344 -6.4667 0 4.1174 -6.7884 0 4.1174 -6.9333 0 3.6615
4 85 -6.2211 0 3.9344 -6.9333 0 3.6615 -6.8386 0 3.3636 -6.4025 0 3.3636
4 85 -5.4463 0 3.3636 -6.0667 0 3.8195 -6.3158 0 3.6364 -6.4025 0 3.3636
4 85 -5.055 0 4.1174 -5.6612 0 4.1174 -5.9119 0 3.9332 -5.8175 0 3.6364
4 85 -5.055 0 4.1174 -5.8175 0 3.6364 -5.4463 0 3.3636 -5.2947 0 3.3636
4 85 -5.6612 0 4.1174 -5.6667 0 4.1174 -5.9123 0 3.9344 -5.9119 0 3.9332
4 85 -4.4877 0 3.9344 -4.7333 0 4.1174 -5.055 0 4.1174 -5.2 0 3.6615
4 85 -4.4877 0 3.9344 -5.2 0 3.6615 -5.1053 0 3.3636 -4.6692 0 3.3636
4 85 -3.9799 0 3.5597 -4.3333 0 3.8195 -4.5825 0 3.6364 -4.6692 0 3.3636
3 85 -3.9799 0 3.5597 -4.6692 0 3.3636 -4.0422 0 3.3636
4 85 -3.7643 0 4.2377 -4.1786 0 3.9332 -4.0842 0 3.6364 -3.9799 0 3.5597
4 85 -3.9279 0 4.1174 -3.9333 0 4.1174 -4.1789 0 3.9344 -4.1786 0 3.9332
4 85 -4.1884 0 4.8713 -4.1898 0 4.8713 -4.4295 0 4.1174 -4.4281 0 4.1174
4 85 -3.6211 0 4.6882 -3.8667 0 4.8713 -4.1884 0 4.8713 -4.3333 0 4.4154
4 85 -3.6211 0 4.6882 -4.3333 0 4.4154 -4.2386 0 4.1174 -3.9279 0 4.1174
3 85 -3.6211 0 4.6882 -3.9279 0 4.1174 -3.7643 0 4.2377
4 85 -3.2328 0 4.4015 -3.4667 0 4.5733 -3.7158 0 4.3903 -4.0422 0 3.3636
3 85 -3.2328 0 4.4015 -4.0422 0 3.3636 -3.5628 0 3.3636
3 85 -3.0902 0 4.85 -3.3119 0 4.6871 -3.227 0 4.4199
4 85 -3.0887 0 4.8549 -3.3123 0 4.6882 -3.3119 0 4.6871 -3.0902 0 4.85
4 85 -3.2317 0 5.9083 -3.2328 0 5.9092 -3.5628 0 4.8713 -3.5614 0 4.8713
4 85 -3.0868 0 6.364 -3.0887 0 6.3626 -3.227 0 5.9276 -3.2263 0 5.9253
4 85 -2.8845 0 7 -2.886 0 7 -3.0834 0 6.379 -3.082 0 6.379
4 85 -2.8442 0 5.6236 -3.2317 0 5.9083 -3.4667 0 5.1692 -3.3719 0 4.8713
3 85 -2.8442 0 5.6236 -3.3719 0 4.8713 -3.0834 0 4.8713
4 85 -2.6041 0 6.379 -3.0667 0 6.379 -3.0868 0 6.364 -3.2263 0 5.9253
4 85 -2.6041 0 6.379 -3.2263 0 5.9253 -3.2175 0 5.8979 -2.8442 0 5.6236
4 85 -2.6 0 6.3917 -2.6 0 7 -2.8845 0 7 -3.082 0 6.379
3 85 -2.6 0 6.3917 -3.082 0 6.379 -2.6041 0 6.379
4 85 -12.2877 0 3.1805 -12.5333 0 3.3636 -13 0 3.3636 -13 0 2.6097
3 85 -12.2877 0 3.1805 -13 0 2.6097 -12.4692 0 2.6097
4 85 -11.513 0 2.6097 -12.1333 0 3.0656 -12.3825 0 2.8826 -12.4692 0 2.6097
4 85 -11.1217 0 3.3636 -11.7279 0 3.3636 -11.9786 0 3.1794 -11.8842 0 2.8826
4 85 -11.1217 0 3.3636 -11.8842 0 2.8826 -11.513 0 2.6097 -11.3614 0 2.6097
4 85 -11.7279 0 3.3636 -11.7333 0 3.3636 -11.9789 0 3.1805 -11.9786 0 3.1794
4 85 -10.5544 0 3.1805 -10.8 0 3.3636 -11.1217 0 3.3636 -11.2667 0 2.9077
4 85 -10.5544 0 3.1805 -11.2667 0 2.9077 -11.1719 0 2.6097 -10.7359 0 2.6097
4 85 -9.7796 0 2.6097 -10.4 0 3.0656 -10.6491 0 2.8826 -10.7359 0 2.6097
4 85 -9.3884 0 3.3636 -9.9946 0 3.3636 -10.2452 0 3.1794 -10.1509 0 2.8826
4 85 -9.3884 0 3.3636 -10.1509 0 2.8826 -9.7796 0 2.6097 -9.6281 0 2.6097
4 85 -9.9946 0 3.3636 -10 0 3.3636 -10.2456 0 3.1805 -10.2452 0 3.1794
4 85 -8.8211 0 3.1805 -9.0667 0 3.3636 -9.3884 0 3.3636 -9.5333 0 2.9077
4 85 -8.8211 0 3.1805 -9.5333 0 2.9077 -9.4386 0 2.6097 -9.0025 0 2.6097
4 85 -8.0463 0 2.6097 -8.6667 0 3.0656 -8.9158 0 2.8826 -9.0025 0 2.6097
4 85 -7.655 0 3.3636 -8.2612 0 3.3636 -8.5119 0 3.1794 -8.4175 0 2.8826
4 85 -7.655 0 3.3636 -8.4175 0 2.8826 -8.0463 0 2.6097 -7.8947 0 2.6097
4 85 -8.2612 0 3.3636 -8.2667 0 3.3636 -8.5123 0 3.1805 -8.5119 0 3.1794
4 85 -7.0877 0 3.1805 -7.3333 0 3.3636 -7.655 0 3.3636 -7.8 0 2.9077
4 85 -7.0877 0 3.1805 -7.8 0 2.9077 -7.7053 0 2.6097 -7.2692 0 2.6097
4 85 -6.313 0 2.6097 -6.9333 0 3.0656 -7.1825 0 2.8826 -7.2692 0 2.6097
4 85 -5.9217 0 3.3636 -6.5279 0 3.3636 -6.7786 0 3.1794 -6.6842 0 2.8826
4 85 -5.9217 0 3.3636 -6.6842 0 2.8826 -6.313 0 2.6097 -6.1614 0 2.6097
4 85 -6.5279 0 3.3636 -6.5333 0 3.3636 -6.7789 0 3.1805 -6.7786 0 3.1794
4 85 -5.3544 0 3.1805 -5.6 0 3.3636 -5.9217 0 3.3636 -6.0667 0 2.9077
4 85 -5.3544 0 3.1805 -6.0667 0 2.9077 -5.9719 0 2.6097 -5.5359 0 2.6097
4 85 -4.5796 0 2.6097 -5.2 0 3.0656 -5.4491 0 2.8826 -5.5359 0 2.6097
4 85 -4.1898 0 3.3636 -4.7946 0 3.3636 -5.0452 0 3.1794 -4.9509 0 2.8826
4 85 -4.1898 0 3.3636 -4.9509 0 2.8826 -4.5796 0 2.6097 -4.4295 0 2.6097
4 85 -4.7946 0 3.3636 -4.8 0 3.3636 -5.0456 0 3.1805 -5.0452 0 3.1794
4 85 -11.9884 0 2.6097 -13 0 2.6097 -13 0 1.8559 -12.2281 0 1.8559
4 85 -11.4211 0 2.4267 -11.6667 0 2.6097 -11.9884 0 2.6097 -12.1333 0 2.1538
4 85 -11.4211 0 2.4267 -12.1333 0 2.1538 -12.0386 0 1.8559 -11.6025 0 1.8559
4 85 -10.6463 0 1.8559 -11.2667 0 2.3118 -11.5158 0 2.1287 -11.6025 0 1.8559
4 85 -10.255 0 2.6097 -10.8612 0 2.6097 -11.1119 0 2.4255 -11.0175 0 2.1287
4 85 -10.255 0 2.6097 -11.0175 0 2.1287 -10.6463 0 1.8559 -10.4947 0 1.8559
4 85 -10.8612 0 2.6097 -10.8667 0 2.6097 -11.1123 0 2.4267 -11.1119 0 2.4255
4 85 -9.6877 0 2.4267 -9.9333 0 2.6097 -10.255 0 2.6097 -10.4 0 2.1538
4 85 -9.6877 0 2.4267 -10.4 0 2.1538 -10.3053 0 1.8559 -9.8692 0 1.8559
4 85 -8.913 0 1.8559 -9.5333 0 2.3118 -9.7825 0 2.1287 -9.8692 0 1.8559
4 85 -8.5217 0 2.6097 -9.1279 0 2.6097 -9.3786 0 2.4255 -9.2842 0 2.1287
4 85 -8.5217 0 2.6097 -9.2842 0 2.1287 -8.913 0 1.8559 -8.7614 0 1.8559
4 85 -9.1279 0 2.6097 -9.1333 0 2.6097 -9.3789 0 2.4267 -9.3786 0 2.4255
4 85 -7.9544 0 2.4267 -8.2 0 2.6097 -8.5217 0 2.6097 -8.6667 0 2.1538
4 85 -7.9544 0 2.4267 -8.6667 0 2.1538 -8.5719 0 1.8559 -8.1359 0 1.8559
4 85 -7.1796 0 1.8559 -7.8 0 2.3118 -8.0491 0 2.1287 -8.1359 0 1.8559
4 85 -6.7884 0 2.6097 -7.3946 0 2.6097 -7.6452 0 2.4255 -7.5509 0 2.1287
4 85 -6.7884 0 2.6097 -7.5509 0 2.1287 -7.1796 0 1.8559 -7.0281 0 1.8559
4 85 -7.3946 0 2.6097 -7.4 0 2.6097 -7.6456 0 2.4267 -7.6452 0 2.4255
4 85 -6.2211 0 2.4267 -6.4667 0 2.6097 -6.7884 0 2.6097 -6.9333 0 2.1538
4 85 -6.2211 0 2.4267 -6.9333 0 2.1538 -6.8386 0 1.8559 -6.4025 0 1.8559
4 85 -5.4463 0 1.8559 -6.0667 0 2.3118 -6.3158 0 2.1287 -6.4025 0 1.8559
4 85 -5.055 0 2.6097 -5.6612 0 2.6097 -5.9119 0 2.4255 -5.8175 0 2.1287
4 85 -5.055 0 2.6097 -5.8175 0 2.1287 -5.4463 0 1.8559 -5.2947 0 1.8559
4 85 -5.6612 0 2.6097 -5.6667 0 2.6097 -5.9123 0 2.4267 -5.9119 0 2.4255
4 85 -4.4877 0 2.4267 -4.7333 0 2.6097 -5.055 0 2.6097 -5.2 0 2.1538
4 85 -4.4877 0 2.4267 -5.2 0 2.1538 -5.1053 0 1.8559 -4.6692 0 1.8559
4 85 -3.9799 0 2.052 -4.3333 0 2.3118 -4.5825 0 2.1287 -4.6692 0 1.8559
3 85 -3.9799 0 2.052 -4.6692 0 1.8559 -4.0422 0 1.8559
4 85 -3.7643 0 2.73 -4.1786 0 2.4255 -4.0842 0 2.1287 -3.9799 0 2.052
4 85 -3.9279 0 2.6097 -3.9333 0 2.6097 -4.1789 0 2.4267 -4.1786 0 2.4255
4 85 -4.1884 0 3.3636 -4.1898 0 3.3636 -4.4295 0 2.6097 -4.4281 0 2.6097
4 85 -3.6211 0 3.1805 -3.8667 0 3.3636 -4.1884 0 3.3636 -4.3333 0 2.9077
4 85 -3.6211 0 3.1805 -4.3333 0 2.9077 -4.2386 0 2.6097 -3.9279 0 2.6097
3 85 -3.6211 0 3.1805 -3.9279 0 2.6097 -3.7643 0 2.73
4 85 -3.2328 0 2.8938 -3.4667 0 3.0656 -3.7158 0 2.8826 -4.0422 0 1.8559
3 85 -3.2328 0 2.8938 -4.0422 0 1.8559 -3.5628 0 1.8559
3 85 -3.0902 0 3.3423 -3.3119 0 3.1794 -3.227 0 2.9122
4 85 -3.0887 0 3.3472 -3.3123 0 3.1805 -3.3119 0 3.1794 -3.0902 0 3.3423
4 85 -3.2317 0 4.4006 -3.2328 0 4.4015 -3.5628 0 3.3636 -3.5614 0 3.3636
4 85 -3.0868 0 4.8563 -3.0887 0 4.8549 -3.227 0 4.4199 -3.2263 0 4.4176
4 85 -2.6 0 6.3872 -2.6 0 6.3917 -3.0834 0 4.8713 -3.082 0 4.8713
4 85 -2.8442 0 4.1159 -3.2317 0 4.4006 -3.4667 0 3.6615 -3.3719 0 3.3636
3 85 -2.8442 0 4.1159 -3.3719 0 3.3636 -3.0834 0 3.3636
4 85 -2.6041 0 4.8713 -3.0667 0 4.8713 -3.0868 0 4.8563 -3.2263 0 4.4176
4 85 -2.6041 0 4.8713 -3.2263 0 4.4176 -3.2175 0 4.3903 -2.8442 0 4.1159
4 85 -2.6 0 4.884 -2.6 0 6.3872 -3.082 0 4.8713 -2.6041 0 4.8713
4 85 -12.2877 0 1.6728 -12.5333 0 1.8559 -13 0 1.8559 -13 0 1.1021
3 85 -12.2877 0 1.6728 -13 0 1.1021 -12.4692 0 1.1021
4 85 -11.513 0 1.1021 -12.1333 0 1.5579 -12.3825 0 1.3749 -12.4692 0 1.1021
4 85 -11.1217 0 1.8559 -11.7279 0 1.8559 -11.9786 0 1.6717 -11.8842 0 1.3749
4 85 -11.1217 0 1.8559 -11.8842 0 1.3749 -11.513 0 1.1021 -11.3614 0 1.1021
4 85 -11.7279 0 1.8559 -11.7333 0 1.8559 -11.9789 0 1.6728 -11.9786 0 1.6717
4 85 -10.5544 0 1.6728 -10.8 0 1.8559 -11.1217 0 1.8559 -11.2667 0 1.4
4 85 -10.5544 0 1.6728 -11.2667 0 1.4 -11.1719 0 1.1021 -10.7359 0 1.1021
4 85 -9.7796 0 1.1021 -10.4 0 1.5579 -10.6491 0 1.3749 -10.7359 0 1.1021
4 85 -9.3884 0 1.8559 -9.9946 0 1.8559 -10.2452 0 1.6717 -10.1509 0 1.3749
4 85 -9.3884 0 1.8559 -10.1509 0 1.3749 -9.7796 0 1.1021 -9.6281 0 1.1021
4 85 -9.9946 0 1.8559 -10 0 1.8559 -10.2456 0 1.6728 -10.2452 0 1.6717
4 85 -8.8211 0 1.6728 -9.0667 0 1.8559 -9.3884 0 1.8559 -9.5333 0 1.4
4 85 -8.8211 0 1.6728 -9.5333 0 1.4 -9.4386 0 1.1021 -9.0025 0 1.1021
4 85 -8.0463 0 1.1021 -8.6667 0 1.5579 -8.9158 0 1.3749 -9.0025 0 1.1021
4 85 -7.655 0 1.8559 -8.2612 0 1.8559 -8.5119 0 1.6717 -8.4175 0 1.3749
4 85 -7.655 0 1.8559 -8.4175 0 1.3749 -8.0463 0 1.1021 -7.8947 0 1.1021
4 85 -8.2612 0 1.8559 -8.2667 0 1.8559 -8.5123 0 1.6728 -8.5119 0 1.6717
4 85 -7.0877 0 1.6728 -7.3333 0 1.8559 -7.655 0 1.8559 -7.8 0 1.4
4 85 -7.0877 0 1.6728 -7.8 0 1.4 -7.7053 0 1.1021 -7.2692 0 1.1021
4 85 -6.313 0 1.1021 -6.9333 0 1.5579 -7.1825 0 1.3749 -7.2692 0 1.1021
4 85 -5.9217 0 1.8559 -6.5279 0 1.8559 -6.7786 0 1.6717 -6.6842 0 1.3749
4 85 -5.9217 0 1.8559 -6.6842 0 1.3749 -6.313 0 1.1021 -6.1614 0 1.1021
4 85 -6.5279 0 1.8559 -6.5333 0 1.8559 -6.7789 0 1.6728 -6.7786 0 1.6717
4 85 -5.3544 0 1.6728 -5.6 0 1.8559 -5.9217 0 1.8559 -6.0667 0 1.4
4 85 -5.3544 0 1.6728 -6.0667 0 1.4 -5.9719 0 1.1021 -5.5359 0 1.1021
4 85 -4.5796 0 1.1021 -5.2 0 1.5579 -5.4491 0 1.3749 -5.5359 0 1.1021
4 85 -4.1898 0 1.8559 -4.7946 0 1.8559 -5.0452 0 1.6717 -4.9509 0 1.3749
4 85 -4.1898 0 1.8559 -4.9509 0 1.3749 -4.5796 0 1.1021 -4.4295 0 1.1021
4 85 -4.7946 0 1.8559 -4.8 0 1.8559 -5.0456 0 1.6728 -5.0452 0 1.6717
4 85 -11.9884 0 1.1021 -13 0 1.1021 -13 0 0.3482 -12.2281 0 0.3482
4 85 -11.4211 0 0.919 -11.6667 0 1.1021 -11.9884 0 1.1021 -12.1333 0 0.6462
4 85 -11.4211 0 0.919 -12.1333 0 0.6462 -12.0386 0 0.3482 -11.6025 0 0.3482
4 85 -10.6463 0 0.3482 -11.2667 0 0.8041 -11.5158 0 0.621 -11.6025 0 0.3482
4 85 -10.255 0 1.1021 -10.8612 0 1.1021 -11.1119 0 0.9178 -11.0175 0 0.621
4 85 -10.255 0 1.1021 -11.0175 0 0.621 -10.6463 0 0.3482 -10.4947 0 0.3482
4 85 -10.8612 0 1.1021 -10.8667 0 1.1021 -11.1123 0 0.919 -11.1119 0 0.9178
4 85 -9.6877 0 0.919 -9.9333 0 1.1021 -10.255 0 1.1021 -10.4 0 0.6462
4 85 -9.6877 0 0.919 -10.4 0 0.6462 -10.3053 0 0.3482 -9.8692 0 0.3482
4 85 -8.913 0 0.3482 -9.5333 0 0.8041 -9.7825 0 0.621 -9.8692 0 0.3482
4 85 -8.5217 0 1.1021 -9.1279 0 1.1021 -9.3786 0 0.9178 -9.2842 0 0.621
4 85 -8.5217 0 1.1021 -9.2842 0 0.621 -8.913 0 0.3482 -8.7614 0 0.3482
4 85 -9.1279 0 1.1021 -9.1333 0 1.1021 -9.3789 0 0.919 -9.3786 0 0.9178
4 85 -7.9544 0 0.919 -8.2 0 1.1021 -8.5217 0 1.1021 -8.6667 0 0.6462
4 85 -7.9544 0 0.919 -8.6667 0 0.6462 -8.5719 0 0.3482 -8.1359 0 0.3482
4 85 -7.1796 0 0.3482 -7.8 0 0.8041 -8.0491 0 0.621 -8.1359 0 0.3482
4 85 -6.7884 0 1.1021 -7.3946 0 1.1021 -7.6452 0 0.9178 -7.5509 0 0.621
4 85 -6.7884 0 1.1021 -7.5509 0 0.621 -7.1796 0 0.3482 -7.0281 0 0.3482
4 85 -7.3946 0 1.1021 -7.4 0 1.1021 -7.6456 0 0.919 -7.6452 0 0.9178
4 85 -6.2211 0 0.919 -6.4667 0 1.1021 -6.7884 0 1.1021 -6.9333 0 0.6462
4 85 -6.2211 0 0.919 -6.9333 0 0.6462 -6.8386 0 0.3482 -6.4025 0 0.3482
4 85 -5.4463 0 0.3482 -6.0667 0 0.8041 -6.3158 0 0.621 -6.4025 0 0.3482
4 85 -5.055 0 1.1021 -5.6612 0 1.1021 -5.9119 0 0.9178 -5.8175 0 0.621
4 85 -5.055 0 1.1021 -5.8175 0 0.621 -5.4463 0 0.3482 -5.2947 0 0.3482
4 85 -5.6612 0 1.1021 -5.6667 0 1.1021 -5.9123 0 0.919 -5.9119 0 0.9178
4 85 -4.4877 0 0.919 -4.7333 0 1.1021 -5.055 0 1.1021 -5.2 0 0.6462
4 85 -4.4877 0 0.919 -5.2 0 0.6462 -5.1053 0 0.3482 -4.6692 0 0.3482
4 85 -3.9799 0 0.5443 -4.3333 0 0.8041 -4.5825 0 0.621 -4.6692 0 0.3482
3 85 -3.9799 0 0.5443 -4.6692 0 0.3482 -4.0422 0 0.3482
4 85 -3.7643 0 1.2223 -4.1786 0 0.9178 -4.0842 0 0.621 -3.9799 0 0.5443
4 85 -3.9279 0 1.1021 -3.9333 0 1.1021 -4.1789 0 0.919 -4.1786 0 0.9178
4 85 -4.1884 0 1.8559 -4.1898 0 1.8559 -4.4295 0 1.1021 -4.4281 0 1.1021
4 85 -3.6211 0 1.6728 -3.8667 0 1.8559 -4.1884 0 1.8559 -4.3333 0 1.4
4 85 -3.6211 0 1.6728 -4.3333 0 1.4 -4.2386 0 1.1021 -3.9279 0 1.1021
3 85 -3.6211 0 1.6728 -3.9279 0 1.1021 -3.7643 0 1.2223
4 85 -3.2328 0 1.3861 -3.4667 0 1.5579 -3.7158 0 1.3749 -4.0422 0 0.3482
3 85 -3.2328 0 1.3861 -4.0422 0 0.3482 -3.5628 0 0.3482
3 85 -3.0902 0 1.8346 -3.3119 0 1.6717 -3.227 0 1.4045
4 85 -3.0887 0 1.8395 -3.3123 0 1.6728 -3.3119 0 1.6717 -3.0902 0 1.8346
4 85 -3.2317 0 2.8929 -3.2328 0 2.8938 -3.5628 0 1.8559 -3.5614 0 1.8559
4 85 -3.0868 0 3.3486 -3.0887 0 3.3472 -3.227 0 2.9122 -3.2263 0 2.91
4 85 -2.6 0 4.8795 -2.6 0 4.884 -3.0834 0 3.3636 -3.082 0 3.3636
4 85 -2.8442 0 2.6082 -3.2317 0 2.8929 -3.4667 0 2.1538 -3.3719 0 1.8559
3 85 -2.8442 0 2.6082 -3.3719 0 1.8559 -3.0834 0 1.8559
4 85 -2.6041 0 3.3636 -3.0667 0 3.3636 -3.0868 0 3.3486 -3.2263 0 2.91
4 85 -2.6041 0 3.3636 -3.2263 0 2.91 -3.2175 0 2.8826 -2.8442 0 2.6082
4 85 -2.6 0 3.3763 -2.6 0 4.8795 -3.082 0 3.3636 -2.6041 0 3.3636
4 85 -12.2877 0 0.1651 -12.5333 0 0.3482 -13 0 0.3482 -13 0 -0.5385
3 85 -12.2877 0 0.1651 -13 0 -0.5385 -12.5114 0 -0.5385
4 85 -11.3322 0 -0.5385 -12.1333 0 0.0503 -12.3825 0 -0.1328 -12.5114 0 -0.5385
4 85 -10.5544 0 0.1651 -10.8 0 0.3482 -11.7279 0 0.3482 -11.9786 0 0.164
4 85 -10.5544 0 0.1651 -11.9786 0 0.164 -11.8842 0 -0.1328 -11.3322 0 -0.5385
3 85 -10.5544 0 0.1651 -11.3322 0 -0.5385 -10.7781 0 -0.5385
4 85 -11.7279 0 0.3482 -11.7333 0 0.3482 -11.9789 0 0.1651 -11.9786 0 0.164
4 85 -9.5989 0 -0.5385 -10.4 0 0.0503 -10.6491 0 -0.1328 -10.7781 0 -0.5385
4 85 -8.8211 0 0.1651 -9.0667 0 0.3482 -9.9946 0 0.3482 -10.2452 0 0.164
4 85 -8.8211 0 0.1651 -10.2452 0 0.164 -10.1509 0 -0.1328 -9.5989 0 -0.5385
3 85 -8.8211 0 0.1651 -9.5989 0 -0.5385 -9.0448 0 -0.5385
4 85 -9.9946 0 0.3482 -10 0 0.3482 -10.2456 0 0.1651 -10.2452 0 0.164
4 85 -7.8656 0 -0.5385 -8.6667 0 0.0503 -8.9158 0 -0.1328 -9.0448 0 -0.5385
4 85 -7.0877 0 0.1651 -7.3333 0 0.3482 -8.2612 0 0.3482 -8.5119 0 0.164
4 85 -7.0877 0 0.1651 -8.5119 0 0.164 -8.4175 0 -0.1328 -7.8656 0 -0.5385
3 85 -7.0877 0 0.1651 -7.8656 0 -0.5385 -7.3114 0 -0.5385
4 85 -8.2612 0 0.3482 -8.2667 0 0.3482 -8.5123 0 0.1651 -8.5119 0 0.164
4 85 -6.1322 0 -0.5385 -6.9333 0 0.0503 -7.1825 0 -0.1328 -7.3114 0 -0.5385
4 85 -5.3544 0 0.1651 -5.6 0 0.3482 -6.5279 0 0.3482 -6.7786 0 0.164
4 85 -5.3544 0 0.1651 -6.7786 0 0.164 -6.6842 0 -0.1328 -6.1322 0 -0.5385
3 85 -5.3544 0 0.1651 -6.1322 0 -0.5385 -5.5781 0 -0.5385
4 85 -6.5279 0 0.3482 -6.5333 0 0.3482 -6.7789 0 0.1651 -6.7786 0 0.164
4 85 -4.3989 0 -0.5385 -5.2 0 0.0503 -5.4491 0 -0.1328 -5.5781 0 -0.5385
4 85 -3.6211 0 0.1651 -3.8667 0 0.3482 -4.7946 0 0.3482 -5.0452 0 0.164
4 85 -3.6211 0 0.1651 -5.0452 0 0.164 -4.9509 0 -0.1328 -4.3989 0 -0.5385
3 85 -3.6211 0 0.1651 -4.3989 0 -0.5385 -3.8448 0 -0.5385
4 85 -4.7946 0 0.3482 -4.8 0 0.3482 -5.0456 0 0.1651 -5.0452 0 0.164
4 85 -2.6656 0 -0.5385 -3.4667 0 0.0503 -3.7158 0 -0.1328 -3.8448 0 -0.5385
4 85 -2.6 0 -0.5385 -2.6 0 0.6872 -3.3119 0 0.164 -3.2175 0 -0.1328
3 85 -2.6 0 -0.5385 -3.2175 0 -0.1328 -2.6656 0 -0.5385
4 85 -3.0612 0 0.3482 -3.0667 0 0.3482 -3.3123 0 0.1651 -3.3119 0 0.164
4 85 -3.2317 0 1.3852 -3.2328 0 1.3861 -3.5628 0 0.3482 -3.5614 0 0.3482
4 85 -3.0868 0 1.8409 -3.0887 0 1.8395 -3.227 0 1.4045 -3.2263 0 1.4023
4 85 -2.6 0 3.3718 -2.6 0 3.3763 -3.0834 0 1.8559 -3.082 0 1.8559
4 85 -2.6 0 0.6872 -2.6 0 0.921 -3.2317 0 1.3852 -3.4667 0 0.6462
4 85 -2.6 0 0.6872 -3.4667 0 0.6462 -3.3719 0 0.3482 -3.0612 0 0.3482
4 85 -2.6 0 0.921 -2.6 0 1.8559 -3.0667 0 1.8559 -3.0868 0 1.8409
4 85 -2.6 0 0.921 -3.0868 0 1.8409 -3.2263 0 1.4023 -3.2175 0 1.3749
3 85 -2.6 0 1.8559 -2.6 0 3.3718 -3.082 0 1.8559
4 15 13 0 -5.9231 13 0 -4.8462 -13 0 -4.8462 -13 0 -5.9231
4 15 13 0 -3.7692 13 0 -2.6923 -13 0 -2.6923 -13 0 -3.7692
4 15 13 0 -1.6154 13 0 -0.5385 -13 0 -0.5385 -13 0 -1.6154
4 15 13 0 0.5385 13 0 1.6154 -2.6 0 1.6154 -2.6 0 0.5385
4 15 13 0 2.6923 13 0 3.7692 -2.6 0 3.7692 -2.6 0 2.6923
4 15 13 0 4.8462 13 0 5.9231 -2.6 0 5.9231 -2.6 0 4.8462
3 4 -2.4066 0 7 -2.6 0 7 -2.6 0 6.3917
4 4 -2.4052 0 7 -2.4066 0 7 -2.6 0 6.3917 -2.6 0 6.3872
4 4 -1.9272 0 7 -2.4052 0 7 -2.6 0 6.3872 -2.6 0 5.9231
3 4 -1.9272 0 7 -2.6 0 5.9231 -2.2696 0 5.9231
4 4 -1.9258 0 7 -1.9272 0 7 -2.2696 0 5.9231 -2.2682 0 5.9231
4 4 -2.1327 0 4.8462 -2.6 0 4.8462 -2.6 0 3.7692 -2.4751 0 3.7692
4 4 -1.4478 0 7 -1.9258 0 7 -2.2682 0 5.9231 -1.7902 0 5.9231
3 4 -12.8539 0 -1.6154 -13 0 -1.6154 -13 0 -2.075
4 4 -11.1205 0 -1.6154 -12.8539 0 -1.6154 -13 0 -2.075 -13 0 -2.6923
3 4 -11.1205 0 -1.6154 -13 0 -2.6923 -11.4629 0 -2.6923
4 4 -11.8054 0 -3.7692 -13 0 -3.7692 -13 0 -4.8462 -12.1478 0 -4.8462
4 4 -12.4902 0 -5.9231 -13 0 -5.9231 -13 0 -7 -12.8326 0 -7
4 4 -10.7569 0 -5.9231 -12.4902 0 -5.9231 -12.8326 0 -7 -11.0993 0 -7
4 4 -10.072 0 -3.7692 -11.8054 0 -3.7692 -12.1478 0 -4.8462 -10.4145 0 -4.8462
4 4 -9.3872 0 -1.6154 -11.1205 0 -1.6154 -11.4629 0 -2.6923 -9.7296 0 -2.6923
4 4 -9.0235 0 -5.9231 -10.7569 0 -5.9231 -11.0993 0 -7 -9.366 0 -7
4 4 -8.3387 0 -3.7692 -10.072 0 -3.7692 -10.4145 0 -4.8462 -8.6811 0 -4.8462
4 4 -7.6539 0 -1.6154 -9.3872 0 -1.6154 -9.7296 0 -2.6923 -7.9963 0 -2.6923
4 4 -7.2902 0 -5.9231 -9.0235 0 -5.9231 -9.366 0 -7 -7.6326 0 -7
4 4 -6.6054 0 -3.7692 -8.3387 0 -3.7692 -8.6811 0 -4.8462 -6.9478 0 -4.8462
4 4 -5.9205 0 -1.6154 -7.6539 0 -1.6154 -7.9963 0 -2.6923 -6.2629 0 -2.6923
4 4 -5.5569 0 -5.9231 -7.2902 0 -5.9231 -7.6326 0 -7 -5.8993 0 -7
4 4 -4.872 0 -3.7692 -6.6054 0 -3.7692 -6.9478 0 -4.8462 -5.2145 0 -4.8462
4 4 -4.1872 0 -1.6154 -5.9205 0 -1.6154 -6.2629 0 -2.6923 -4.5296 0 -2.6923
4 4 6.127 0 -7 4.6616 0 -5.9231 -5.5569 0 -5.9231 -5.8993 0 -7
4 4 3.1961 0 -4.8462 1.7307 0 -3.7692 -4.872 0 -3.7692 -5.2145 0 -4.8462
4 4 0.2653 0 -2.6923 -1.2001 0 -1.6154 -4.1872 0 -1.6154 -4.5296 0 -2.6923
4 4 13 0 -0.5385 13 0 0.5385 -2.6 0 0.5385 -2.6 0 -0.5385
4 4 13 0 1.6154 13 0 2.6923 0.1285 0 2.6923 -1.3369 0 1.6154
4 4 13 0 3.7692 13 0 4.8462 3.0594 0 4.8462 1.5939 0 3.7692
4 4 13 0 5.9231 13 0 7 5.9902 0 7 4.5248 0 5.9231
4 4 13 0 -2.6923 13 0 -1.6154 -1.2001 0 -1.6154 0.2653 0 -2.6923
4 4 13 0 -4.8462 13 0 -3.7692 1.7307 0 -3.7692 3.1961 0 -4.8462
4 4 13 0 -7 13 0 -5.9231 4.6616 0 -5.9231 6.127 0 -7
4 4 -2.1312 0 4.8462 -2.1327 0 4.8462 -2.4751 0 3.7692 -2.4736 0 3.7692
4 4 -1.4464 0 7 -1.4478 0 7 -1.7902 0 5.9231 -1.7888 0 5.9231
4 4 -1.0096 0 1.8559 -2.6 0 1.8559 -2.6 0 1.6154 -1.3369 0 1.6154
4 4 0.1285 0 2.6923 -2.6 0 2.6923 -2.6 0 1.8559 -1.0096 0 1.8559
4 4 3.0594 0 4.8462 -2.1312 0 4.8462 -2.4736 0 3.7692 1.5939 0 3.7692
4 4 5.9902 0 7 -1.4464 0 7 -1.7888 0 5.9231 4.5248 0 5.9231
