0 Sticker for Corvette windscreen streamer - Dark text - 20 LDU tall
0 Name: sticker_corvette_text_dark.dat
0 Author: svg2ldraw
0 !LICENSE Redistributable under CCAL version 2.0 : see CAreadme.txt
0 BFC CERTIFY CCW
4 16 -18.1250 0 2.5000 -18.1250 0 -17.5000 -16.4458 0 -17.5000 -16.4458 0 2.5000
3 72 -16.4458 0 -9.6725 -16.2000 0 -10.4004 -16.2000 0 -8.5585
4 16 -16.4458 0 2.5000 -16.4458 0 -9.6725 -16.2000 0 -8.5585 -16.2000 0 2.5000
4 16 -16.4458 0 -9.6725 -16.4458 0 -17.5000 -16.1625 0 -17.5000 -16.1625 0 -10.5115
4 72 -16.2000 0 -8.5585 -16.2000 0 -10.4004 -16.1625 0 -10.5115 -16.1625 0 -8.4730
4 72 -16.1625 0 -8.4730 -16.1625 0 -10.5115 -15.9425 0 -10.6688 -15.9425 0 -7.9712
4 16 -16.2000 0 2.5000 -16.2000 0 -8.5585 -15.9425 0 -7.9712 -15.9425 0 2.5000
4 72 -15.9425 0 -7.9712 -15.9425 0 -10.6688 -15.6262 0 -10.8948 -15.6262 0 -7.2400
4 16 -15.9425 0 2.5000 -15.9425 0 -7.9712 -15.6262 0 -7.2400 -15.6262 0 2.5000
4 16 -16.1625 0 -10.5115 -16.1625 0 -17.5000 -15.4225 0 -17.5000 -15.4225 0 -11.0405
4 72 -15.6262 0 -7.2400 -15.6262 0 -10.8948 -15.4225 0 -11.0405 -15.4225 0 -6.7652
4 72 -15.4225 0 -6.7652 -15.4225 0 -11.0405 -15.3122 0 -11.0585 -15.3122 0 -6.5082
4 16 -15.6262 0 2.5000 -15.6262 0 -7.2400 -15.3122 0 -6.5082 -15.3122 0 2.5000
4 72 -15.3122 0 -6.5082 -15.3122 0 -11.0585 -15.0622 0 -11.0994 -15.0622 0 -5.9195
4 16 -15.3122 0 2.5000 -15.3122 0 -6.5082 -15.0622 0 -5.9195 -15.0622 0 2.5000
4 72 -15.0622 0 -5.9195 -15.0622 0 -11.0994 -14.7323 0 -11.1533 -14.7323 0 -5.2640
4 16 -15.0622 0 2.5000 -15.0622 0 -5.9195 -14.7323 0 -5.2640 -14.7323 0 2.5000
4 72 -14.7323 0 -5.2640 -14.7323 0 -11.1533 -14.3377 0 -11.2178 -14.3377 0 -4.6835
4 16 -14.7323 0 2.5000 -14.7323 0 -5.2640 -14.3377 0 -4.6835 -14.3377 0 2.5000
4 16 -15.4225 0 -11.0405 -15.4225 0 -17.5000 -14.2970 0 -17.5000 -14.2970 0 -11.2245
4 72 -14.3377 0 -4.6835 -14.3377 0 -11.2178 -14.2970 0 -11.2245 -14.2970 0 -4.6443
4 72 -14.2970 0 -4.6443 -14.2970 0 -11.2245 -13.8323 0 -11.2245 -13.8323 0 -4.1977
4 16 -14.3377 0 2.5000 -14.3377 0 -4.6835 -13.8323 0 -4.1977 -13.8323 0 2.5000
4 72 -13.8323 0 -4.1977 -13.8323 0 -11.2245 -13.2482 0 -11.2246 -13.2482 0 -3.8704
3 16 -13.2482 0 -9.3310 -13.2022 0 -9.3582 -13.2022 0 -8.7005
4 72 -13.2482 0 -3.8704 -13.2482 0 -9.3310 -13.2022 0 -8.7005 -13.2022 0 -3.8446
4 72 -13.2022 0 -3.8446 -13.2022 0 -8.7005 -13.1695 0 -8.6236 -13.1695 0 -3.8263
4 16 -13.8323 0 2.5000 -13.8323 0 -4.1977 -13.1695 0 -3.8263 -13.1695 0 2.5000
4 16 -13.2022 0 -8.7005 -13.2022 0 -9.3582 -12.9147 0 -9.5280 -12.9147 0 -8.0252
4 72 -13.1695 0 -3.8263 -13.1695 0 -8.6236 -12.9147 0 -8.0252 -12.9147 0 -3.7565
4 72 -13.2482 0 -9.3310 -13.2482 0 -11.2246 -12.7438 0 -11.2246 -12.7438 0 -9.6290
4 16 -12.9147 0 -8.0252 -12.9147 0 -9.5280 -12.7438 0 -9.6290 -12.7438 0 -7.6311
4 16 -12.7438 0 -7.6311 -12.7438 0 -9.6290 -12.6040 0 -9.6290 -12.6040 0 -7.3090
4 72 -12.9147 0 -3.7565 -12.9147 0 -8.0252 -12.6040 0 -7.3090 -12.6040 0 -3.6714
4 72 -12.6040 0 -3.6714 -12.6040 0 -7.3090 -12.3030 0 -6.6186 -12.3030 0 -3.5890
4 16 -13.1695 0 2.5000 -13.1695 0 -3.8263 -12.3030 0 -3.5890 -12.3030 0 2.5000
4 16 -12.6040 0 -7.3090 -12.6040 0 -9.6290 -12.2830 0 -9.6290 -12.2830 0 -6.5727
4 72 -12.3030 0 -3.5890 -12.3030 0 -6.6186 -12.2830 0 -6.5727 -12.2830 0 -3.5875
4 16 -12.2830 0 -6.5727 -12.2830 0 -9.6290 -11.9655 0 -9.6289 -11.9655 0 -5.8380
4 72 -12.2830 0 -3.5875 -12.2830 0 -6.5727 -11.9655 0 -5.8380 -11.9655 0 -3.5638
4 16 -11.9655 0 -5.8380 -11.9655 0 -9.6289 -11.4868 0 -9.6289 -11.4868 0 -5.2767
4 72 -11.9655 0 -3.5638 -11.9655 0 -5.8380 -11.4868 0 -5.2767 -11.4868 0 -3.5280
4 72 -11.4868 0 -3.5280 -11.4868 0 -5.2767 -11.1865 0 -5.1988 -11.1865 0 -3.5055
4 16 -12.3030 0 2.5000 -12.3030 0 -3.5890 -11.1865 0 -3.5055 -11.1865 0 2.5000
4 16 -11.4868 0 -5.2767 -11.4868 0 -9.6289 -10.8135 0 -9.6288 -10.8135 0 -5.1020
4 72 -11.1865 0 -3.5055 -11.1865 0 -5.1988 -10.8135 0 -5.1020 -10.8135 0 -3.5055
4 16 -14.2970 0 -11.2245 -14.2970 0 -17.5000 -1.0592 0 -17.5000 -1.0592 0 -11.2255
4 72 -12.7438 0 -9.6290 -12.7438 0 -11.2246 -1.0592 0 -11.2255 -1.0592 0 -9.6280
4 72 -1.0592 0 -9.6280 -1.0592 0 -11.2255 -0.6288 0 -10.9226 -0.6288 0 -9.6280
4 16 -10.8135 0 -5.1020 -10.8135 0 -9.6288 -0.6288 0 -9.6280 -0.6288 0 -5.1020
4 16 -1.0592 0 -11.2255 -1.0592 0 -17.5000 -0.5895 0 -17.5000 -0.5895 0 -10.8950
4 72 -0.6288 0 -9.6280 -0.6288 0 -10.9226 -0.5895 0 -10.8950 -0.5895 0 -9.6845
3 72 -0.5895 0 -9.6845 -0.5895 0 -10.8950 -0.2700 0 -10.1440
4 16 -0.6288 0 -5.1020 -0.6288 0 -9.6280 -0.2700 0 -10.1440 -0.2700 0 -5.1020
4 16 -0.5895 0 -10.8950 -0.5895 0 -17.5000 -0.2700 0 -17.5000 -0.2700 0 -10.1440
4 16 -0.2700 0 -5.1020 -0.2700 0 -17.5000 1.5645 0 -17.5000 1.5645 0 -5.1020
4 72 -10.8135 0 -3.5055 -10.8135 0 -5.1020 1.5645 0 -5.1020 1.5645 0 -3.5045
4 72 1.5645 0 -3.5045 1.5645 0 -5.1020 1.9950 0 -4.7851 1.9950 0 -3.5045
4 16 -11.1865 0 2.5000 -11.1865 0 -3.5055 1.9950 0 -3.5045 1.9950 0 2.5000
4 16 1.5645 0 -5.1020 1.5645 0 -17.5000 2.0383 0 -17.5000 2.0383 0 -4.7533
4 72 1.9950 0 -3.5045 1.9950 0 -4.7851 2.0383 0 -4.7533 2.0383 0 -3.5662
4 16 2.0383 0 -4.7533 2.0383 0 -17.5000 2.2500 0 -17.5000 2.2500 0 -4.2610
3 72 2.0383 0 -3.5662 2.0383 0 -4.7533 2.3547 0 -4.0175
4 16 1.9950 0 2.5000 1.9950 0 -3.5045 2.3547 0 -4.0175 2.3547 0 2.5000
4 16 2.2500 0 -4.2610 2.2500 0 -9.6725 2.3547 0 -9.2001 2.3547 0 -4.0175
3 72 2.2500 0 -9.6725 2.4970 0 -10.4144 2.4970 0 -8.5585
4 16 2.3547 0 2.5000 2.3547 0 -9.2001 2.4970 0 -8.5585 2.4970 0 2.5000
4 16 2.2500 0 -9.6725 2.2500 0 -17.5000 2.5295 0 -17.5000 2.5295 0 -10.5120
4 72 2.4970 0 -8.5585 2.4970 0 -10.4144 2.5295 0 -10.5120 2.5295 0 -8.4825
4 72 2.5295 0 -8.4825 2.5295 0 -10.5120 2.7515 0 -10.6710 2.7515 0 -7.9630
4 16 2.4970 0 2.5000 2.4970 0 -8.5585 2.7515 0 -7.9630 2.7515 0 2.5000
4 72 2.7515 0 -7.9630 2.7515 0 -10.6710 3.0435 0 -10.8801 3.0435 0 -7.2818
4 16 2.7515 0 2.5000 2.7515 0 -7.9630 3.0435 0 -7.2818 3.0435 0 2.5000
4 16 2.5295 0 -10.5120 2.5295 0 -17.5000 3.2685 0 -17.5000 3.2685 0 -11.0412
4 72 3.0435 0 -7.2818 3.0435 0 -10.8801 3.2685 0 -11.0412 3.2685 0 -6.7603
4 72 3.2685 0 -6.7603 3.2685 0 -11.0412 3.3468 0 -11.0540 3.3468 0 -6.5790
4 16 3.0435 0 2.5000 3.0435 0 -7.2818 3.3468 0 -6.5790 3.3468 0 2.5000
4 72 3.3468 0 -6.5790 3.3468 0 -11.0540 3.6350 0 -11.1010 3.6350 0 -5.9195
4 16 3.3468 0 2.5000 3.3468 0 -6.5790 3.6350 0 -5.9195 3.6350 0 2.5000
4 72 3.6350 0 -5.9195 3.6350 0 -11.1010 3.9645 0 -11.1547 3.9645 0 -5.2542
4 16 3.6350 0 2.5000 3.6350 0 -5.9195 3.9645 0 -5.2542 3.9645 0 2.5000
4 72 3.9645 0 -5.2542 3.9645 0 -11.1547 4.3590 0 -11.2189 4.3590 0 -4.6707
4 16 3.9645 0 2.5000 3.9645 0 -5.2542 4.3590 0 -4.6707 4.3590 0 2.5000
4 16 3.2685 0 -11.0412 3.2685 0 -17.5000 4.3992 0 -17.5000 4.3992 0 -11.2255
4 72 4.3590 0 -4.6707 4.3590 0 -11.2189 4.3992 0 -11.2255 4.3992 0 -4.6322
4 72 4.3992 0 -4.6322 4.3992 0 -11.2255 4.8645 0 -11.2255 4.8645 0 -4.1868
4 16 4.3590 0 2.5000 4.3590 0 -4.6707 4.8645 0 -4.1868 4.8645 0 2.5000
4 16 4.3992 0 -11.2255 4.3992 0 -17.5000 4.8705 0 -17.5000 4.8705 0 -11.2255
4 72 4.8645 0 -4.1868 4.8645 0 -11.2255 4.8705 0 -11.2255 4.8705 0 -4.1834
4 72 4.8705 0 -4.1834 4.8705 0 -11.2255 5.4492 0 -11.2253 5.4492 0 -3.8628
3 16 5.4492 0 -9.3310 5.4950 0 -9.3580 5.4950 0 -8.7005
4 72 5.4492 0 -3.8628 5.4492 0 -9.3310 5.4950 0 -8.7005 5.4950 0 -3.8375
4 16 4.8705 0 -11.2255 4.8705 0 -17.5000 5.5210 0 -17.5000 5.5210 0 -11.2253
4 72 5.4492 0 -9.3310 5.4492 0 -11.2253 5.5210 0 -11.2253 5.5210 0 -9.3734
4 72 5.4950 0 -3.8375 5.4950 0 -8.7005 5.5275 0 -8.6242 5.5275 0 -3.8195
4 16 4.8645 0 2.5000 4.8645 0 -4.1868 5.5275 0 -3.8195 5.5275 0 2.5000
4 16 5.4950 0 -8.7005 5.4950 0 -9.3580 5.7828 0 -9.5281 5.7828 0 -8.0250
4 72 5.5275 0 -3.8195 5.5275 0 -8.6242 5.7828 0 -8.0250 5.7828 0 -3.7509
4 72 5.5210 0 -9.3734 5.5210 0 -11.2253 5.9535 0 -11.2253 5.9535 0 -9.6290
4 16 5.7828 0 -8.0250 5.7828 0 -9.5281 5.9535 0 -9.6290 5.9535 0 -7.6313
4 16 5.9535 0 -7.6313 5.9535 0 -9.6290 6.0933 0 -9.6290 6.0933 0 -7.3090
4 72 5.7828 0 -3.7509 5.7828 0 -8.0250 6.0933 0 -7.3090 6.0933 0 -3.6674
4 16 5.5210 0 -11.2253 5.5210 0 -17.5000 6.3210 0 -17.5000 6.3210 0 -11.2253
4 72 5.9535 0 -9.6290 5.9535 0 -11.2253 6.3210 0 -11.2253 6.3210 0 -9.6290
4 72 6.0933 0 -3.6674 6.0933 0 -7.3090 6.3942 0 -6.6178 6.3942 0 -3.5865
4 16 5.5275 0 2.5000 5.5275 0 -3.8195 6.3942 0 -3.5865 6.3942 0 2.5000
4 16 6.0933 0 -7.3090 6.0933 0 -9.6290 6.4138 0 -9.6290 6.4138 0 -6.5730
4 72 6.3942 0 -3.5865 6.3942 0 -6.6178 6.4138 0 -6.5730 6.4138 0 -3.5851
4 72 6.3210 0 -9.6290 6.3210 0 -11.2253 6.6965 0 -11.2253 6.6965 0 -9.6290
4 16 6.4138 0 -6.5730 6.4138 0 -9.6290 6.6965 0 -9.6290 6.6965 0 -5.9195
4 16 6.6965 0 -5.9195 6.6965 0 -9.6290 6.7318 0 -9.6290 6.7318 0 -5.8380
4 72 6.4138 0 -3.5851 6.4138 0 -6.5730 6.7318 0 -5.8380 6.7318 0 -3.5620
4 16 6.7318 0 -5.8380 6.7318 0 -9.6290 7.2082 0 -9.6290 7.2082 0 -5.2765
4 72 6.7318 0 -3.5620 6.7318 0 -5.8380 7.2082 0 -5.2765 7.2082 0 -3.5274
4 16 6.3210 0 -11.2253 6.3210 0 -17.5000 7.2405 0 -17.5000 7.2405 0 -11.2253
4 72 6.6965 0 -9.6290 6.6965 0 -11.2253 7.2405 0 -11.2253 7.2405 0 -9.6290
4 72 7.2082 0 -3.5274 7.2082 0 -5.2765 7.5108 0 -5.1984 7.5108 0 -3.5055
4 16 6.3942 0 2.5000 6.3942 0 -3.5865 7.5108 0 -3.5055 7.5108 0 2.5000
4 72 7.2405 0 -9.6290 7.2405 0 -11.2253 7.5925 0 -11.2253 7.5925 0 -9.6290
4 16 7.2082 0 -5.2765 7.2082 0 -9.6290 7.5925 0 -9.6290 7.5925 0 -5.1772
4 16 7.5925 0 -5.1772 7.5925 0 -9.6290 7.8837 0 -9.6289 7.8837 0 -5.1020
4 72 7.5108 0 -3.5055 7.5108 0 -5.1984 7.8837 0 -5.1020 7.8837 0 -3.5055
4 72 7.8837 0 -3.5055 7.8837 0 -5.1020 7.9615 0 -5.1020 7.9615 0 -3.5055
4 16 7.5108 0 2.5000 7.5108 0 -3.5055 7.9615 0 -3.5055 7.9615 0 2.5000
4 16 7.2405 0 -11.2253 7.2405 0 -17.5000 8.2503 0 -17.5000 8.2503 0 -11.2253
4 72 7.5925 0 -9.6290 7.5925 0 -11.2253 8.2503 0 -11.2253 8.2503 0 -9.6288
4 16 7.8837 0 -5.1020 7.8837 0 -9.6289 8.3140 0 -9.6288 8.3140 0 -5.1020
4 72 7.9615 0 -3.5055 7.9615 0 -5.1020 8.3140 0 -5.1020 8.3140 0 -3.5055
4 72 8.3140 0 -3.5055 8.3140 0 -5.1020 8.5448 0 -5.1020 8.5448 0 -3.5055
4 16 7.9615 0 2.5000 7.9615 0 -3.5055 8.5448 0 -3.5055 8.5448 0 2.5000
4 72 8.2503 0 -9.6288 8.2503 0 -11.2253 8.6013 0 -11.2253 8.6013 0 -9.6287
4 16 8.3140 0 -5.1020 8.3140 0 -9.6288 8.6013 0 -9.6287 8.6013 0 -5.1020
4 16 8.6013 0 -5.1020 8.6013 0 -9.6287 8.8687 0 -9.6287 8.8687 0 -5.1020
4 72 8.5448 0 -3.5055 8.5448 0 -5.1020 8.8687 0 -5.1020 8.8687 0 -3.5054
4 72 8.8687 0 -3.5054 8.8687 0 -5.1020 9.2460 0 -5.1020 9.2460 0 -3.5052
4 16 8.5448 0 2.5000 8.5448 0 -3.5055 9.2460 0 -3.5052 9.2460 0 2.5000
4 16 8.2503 0 -11.2253 8.2503 0 -17.5000 9.3203 0 -17.5000 9.3203 0 -11.2253
4 72 8.6013 0 -9.6287 8.6013 0 -11.2253 9.3203 0 -11.2253 9.3203 0 -9.6287
4 16 8.8687 0 -5.1020 8.8687 0 -9.6287 9.5355 0 -9.6287 9.5355 0 -5.1020
4 72 9.2460 0 -3.5052 9.2460 0 -5.1020 9.5355 0 -5.1020 9.5355 0 -3.5052
4 72 9.3203 0 -9.6287 9.3203 0 -11.2253 9.6833 0 -11.2253 9.6833 0 -9.6287
4 16 9.5355 0 -5.1020 9.5355 0 -9.6287 9.6833 0 -9.6287 9.6833 0 -5.1020
4 72 9.5355 0 -3.5052 9.5355 0 -5.1020 10.0493 0 -5.1020 10.0493 0 -3.5052
4 16 9.2460 0 2.5000 9.2460 0 -3.5052 10.0493 0 -3.5052 10.0493 0 2.5000
4 16 9.6833 0 -5.1020 9.6833 0 -9.6287 10.3010 0 -9.6287 10.3010 0 -5.1020
4 72 10.0493 0 -3.5052 10.0493 0 -5.1020 10.3010 0 -5.1020 10.3010 0 -3.5052
4 16 9.3203 0 -11.2253 9.3203 0 -17.5000 10.4213 0 -17.5000 10.4213 0 -11.2253
4 72 9.6833 0 -9.6287 9.6833 0 -11.2253 10.4213 0 -11.2253 10.4213 0 -9.6287
4 72 10.4213 0 -9.6287 10.4213 0 -11.2253 10.7982 0 -11.2253 10.7982 0 -9.6287
4 16 10.3010 0 -5.1020 10.3010 0 -9.6287 10.7982 0 -9.6287 10.7982 0 -5.1020
4 72 10.3010 0 -3.5052 10.3010 0 -5.1020 10.9393 0 -5.1020 10.9393 0 -3.5052
4 16 10.0493 0 2.5000 10.0493 0 -3.5052 10.9393 0 -3.5052 10.9393 0 2.5000
4 16 10.7982 0 -5.1020 10.7982 0 -9.6287 11.1523 0 -9.6287 11.1523 0 -5.1020
4 72 10.9393 0 -3.5052 10.9393 0 -5.1020 11.1523 0 -5.1020 11.1523 0 -3.5052
4 16 10.4213 0 -11.2253 10.4213 0 -17.5000 11.5232 0 -17.5000 11.5232 0 -11.2253
4 72 10.7982 0 -9.6287 10.7982 0 -11.2253 11.5232 0 -11.2253 11.5232 0 -9.6286
4 72 11.1523 0 -3.5052 11.1523 0 -5.1020 11.9008 0 -5.1020 11.9008 0 -3.5052
4 16 10.9393 0 2.5000 10.9393 0 -3.5052 11.9008 0 -3.5052 11.9008 0 2.5000
4 72 11.5232 0 -9.6286 11.5232 0 -11.2253 11.9070 0 -11.2253 11.9070 0 -9.6285
4 16 11.1523 0 -5.1020 11.1523 0 -9.6287 11.9070 0 -9.6285 11.9070 0 -5.1020
4 16 11.9070 0 -5.1020 11.9070 0 -9.6285 12.0760 0 -9.6285 12.0760 0 -5.1020
4 72 11.9008 0 -3.5052 11.9008 0 -5.1020 12.0760 0 -5.1020 12.0760 0 -3.5052
4 16 11.5232 0 -11.2253 11.5232 0 -17.5000 12.5968 0 -17.5000 12.5968 0 -11.2253
4 72 11.9070 0 -9.6285 11.9070 0 -11.2253 12.5968 0 -11.2253 12.5968 0 -9.6285
4 72 12.0760 0 -3.5052 12.0760 0 -5.1020 12.9185 0 -5.1020 12.9185 0 -3.5050
4 16 11.9008 0 2.5000 11.9008 0 -3.5052 12.9185 0 -3.5050 12.9185 0 2.5000
4 72 12.5968 0 -9.6285 12.5968 0 -11.2253 12.9693 0 -11.2253 12.9693 0 -9.6285
4 16 12.0760 0 -5.1020 12.0760 0 -9.6285 12.9693 0 -9.6285 12.9693 0 -5.1020
4 16 12.9693 0 -5.1020 12.9693 0 -9.6285 13.0592 0 -9.6285 13.0592 0 -5.1020
4 72 12.9185 0 -3.5050 12.9185 0 -5.1020 13.0592 0 -5.1020 13.0592 0 -3.5050
4 16 12.5968 0 -11.2253 12.5968 0 -17.5000 13.6118 0 -17.5000 13.6118 0 -11.2255
4 72 12.9693 0 -9.6285 12.9693 0 -11.2253 13.6118 0 -11.2255 13.6118 0 -9.6285
4 72 13.6118 0 -9.6285 13.6118 0 -11.2255 13.9453 0 -11.2255 13.9453 0 -9.6285
4 16 13.0592 0 -5.1020 13.0592 0 -9.6285 13.9453 0 -9.6285 13.9453 0 -5.1020
4 72 13.0592 0 -3.5050 13.0592 0 -5.1020 13.9770 0 -5.1020 13.9770 0 -3.5050
4 16 12.9185 0 2.5000 12.9185 0 -3.5050 13.9770 0 -3.5050 13.9770 0 2.5000
4 16 13.9453 0 -5.1020 13.9453 0 -9.6285 14.0887 0 -9.6285 14.0887 0 -5.1020
4 72 13.9770 0 -3.5050 13.9770 0 -5.1020 14.0887 0 -5.1020 14.0887 0 -3.5050
4 16 13.6118 0 -11.2255 13.6118 0 -17.5000 14.5390 0 -17.5000 14.5390 0 -11.2255
4 72 13.9453 0 -9.6285 13.9453 0 -11.2255 14.5390 0 -11.2255 14.5390 0 -9.6285
4 72 14.5390 0 -9.6285 14.5390 0 -11.2255 14.7953 0 -11.2255 14.7953 0 -9.6285
4 16 14.0887 0 -5.1020 14.0887 0 -9.6285 14.7953 0 -9.6285 14.7953 0 -5.1020
4 72 14.0887 0 -3.5050 14.0887 0 -5.1020 15.0607 0 -5.1020 15.0607 0 -3.5050
4 16 13.9770 0 2.5000 13.9770 0 -3.5050 15.0607 0 -3.5050 15.0607 0 2.5000
4 16 14.7953 0 -5.1020 14.7953 0 -9.6285 15.1520 0 -9.6285 15.1520 0 -5.1020
4 72 15.0607 0 -3.5050 15.0607 0 -5.1020 15.1520 0 -5.1020 15.1520 0 -3.5050
4 16 14.5390 0 -11.2255 14.5390 0 -17.5000 15.3488 0 -17.5000 15.3488 0 -11.2255
4 72 14.7953 0 -9.6285 14.7953 0 -11.2255 15.3488 0 -11.2255 15.3488 0 -9.6285
4 72 15.3488 0 -9.6285 15.3488 0 -11.2255 15.4793 0 -11.2255 15.4793 0 -9.6285
4 16 15.1520 0 -5.1020 15.1520 0 -9.6285 15.4793 0 -9.6285 15.4793 0 -5.1020
4 72 15.4793 0 -9.6285 15.4793 0 -11.2255 15.9577 0 -11.2255 15.9577 0 -9.6287
4 16 15.4793 0 -5.1020 15.4793 0 -9.6285 15.9577 0 -9.6287 15.9577 0 -5.1020
4 16 15.3488 0 -11.2255 15.3488 0 -17.5000 16.0112 0 -17.5000 16.0112 0 -11.2255
4 72 15.9577 0 -9.6287 15.9577 0 -11.2255 16.0112 0 -11.2255 16.0112 0 -9.6288
4 72 15.1520 0 -3.5050 15.1520 0 -5.1020 16.1545 0 -5.1020 16.1545 0 -3.5050
4 16 15.0607 0 2.5000 15.0607 0 -3.5050 16.1545 0 -3.5050 16.1545 0 2.5000
4 72 16.0112 0 -9.6288 16.0112 0 -11.2255 16.1905 0 -11.2255 16.1905 0 -9.6290
4 16 15.9577 0 -5.1020 15.9577 0 -9.6287 16.1905 0 -9.6290 16.1905 0 -5.1020
4 16 16.1905 0 -5.1020 16.1905 0 -9.6290 16.2355 0 -9.6196 16.2355 0 -5.1020
4 72 16.1545 0 -3.5050 16.1545 0 -5.1020 16.2355 0 -5.1020 16.2355 0 -3.5050
4 16 16.0112 0 -11.2255 16.0112 0 -17.5000 16.4970 0 -17.5000 16.4970 0 -11.2255
4 72 16.1905 0 -9.6290 16.1905 0 -11.2255 16.4970 0 -11.2255 16.4970 0 -9.5648
4 72 16.4970 0 -9.5648 16.4970 0 -11.2255 16.9532 0 -11.1925 16.9532 0 -9.4693
4 16 16.2355 0 -5.1020 16.2355 0 -9.6196 16.9532 0 -9.4693 16.9532 0 -5.1020
4 72 16.2355 0 -3.5050 16.2355 0 -5.1020 17.2430 0 -5.1020 17.2430 0 -3.5048
4 16 16.1545 0 2.5000 16.1545 0 -3.5050 17.2430 0 -3.5048 17.2430 0 2.5000
4 16 16.9532 0 -5.1020 16.9532 0 -9.4693 17.3263 0 -8.9712 17.3263 0 -5.1020
4 72 17.2430 0 -3.5048 17.2430 0 -5.1020 17.3263 0 -5.1020 17.3263 0 -3.5048
4 72 16.9532 0 -9.4693 16.9532 0 -11.1925 17.4143 0 -11.1591 17.4143 0 -8.8537
4 16 17.3263 0 -5.1020 17.3263 0 -8.9712 17.4143 0 -8.8537 17.4143 0 -5.1020
4 16 16.4970 0 -11.2255 16.4970 0 -17.5000 17.6683 0 -17.5000 17.6683 0 -11.1407
4 72 17.4143 0 -8.8537 17.4143 0 -11.1591 17.6683 0 -11.1407 17.6683 0 -8.2737
4 72 17.6683 0 -8.2737 17.6683 0 -11.1407 17.7015 0 -11.1318 17.7015 0 -8.1977
4 16 17.4143 0 -5.1020 17.4143 0 -8.8537 17.7015 0 -8.1977 17.7015 0 -5.1020
4 72 17.7015 0 -8.1977 17.7015 0 -11.1318 18.0367 0 -11.0420 18.0367 0 -7.4190
4 16 17.7015 0 -5.1020 17.7015 0 -8.1977 18.0367 0 -7.4190 18.0367 0 -5.1020
4 72 18.0367 0 -7.4190 18.0367 0 -11.0420 18.2893 0 -10.9744 18.2893 0 -6.8368
4 16 18.0367 0 -5.1020 18.0367 0 -7.4190 18.2893 0 -6.8368 18.2893 0 -5.1020
4 72 17.3263 0 -3.5048 17.3263 0 -5.1020 18.3107 0 -5.1020 18.3107 0 -3.5048
4 16 17.2430 0 2.5000 17.2430 0 -3.5048 18.3107 0 -3.5048 18.3107 0 2.5000
4 16 18.2893 0 -5.1020 18.2893 0 -6.8368 18.4113 0 -6.7496 18.4113 0 -5.1020
4 72 18.3107 0 -3.5048 18.3107 0 -5.1020 18.4113 0 -5.1020 18.4113 0 -3.5048
4 16 17.6683 0 -11.1407 17.6683 0 -17.5000 18.5650 0 -17.5000 18.5650 0 -10.9005
4 72 18.2893 0 -6.8368 18.2893 0 -10.9744 18.5650 0 -10.9005 18.5650 0 -6.6397
4 72 18.5650 0 -6.6397 18.5650 0 -10.9005 18.7760 0 -10.7829 18.7760 0 -6.4890
4 16 18.4113 0 -5.1020 18.4113 0 -6.7496 18.7760 0 -6.4890 18.7760 0 -5.1020
4 16 18.5650 0 -10.9005 18.5650 0 -17.5000 19.2390 0 -17.5000 19.2390 0 -10.5247
4 72 18.7760 0 -6.4890 18.7760 0 -10.7829 19.2390 0 -10.5247 19.2390 0 -6.4888
4 72 19.2390 0 -6.4888 19.2390 0 -10.5247 19.3410 0 -10.4250 19.3410 0 -6.4888
4 16 18.7760 0 -5.1020 18.7760 0 -6.4890 19.3410 0 -6.4888 19.3410 0 -5.1020
4 72 18.4113 0 -3.5048 18.4113 0 -5.1020 19.3425 0 -5.1020 19.3425 0 -3.5048
4 16 18.3107 0 2.5000 18.3107 0 -3.5048 19.3425 0 -3.5048 19.3425 0 2.5000
4 16 19.3410 0 -5.1020 19.3410 0 -6.4888 19.4772 0 -6.4887 19.4772 0 -5.1020
4 72 19.3425 0 -3.5048 19.3425 0 -5.1020 19.4772 0 -5.1020 19.4772 0 -3.5047
4 16 19.2390 0 -10.5247 19.2390 0 -17.5000 19.7415 0 -17.5000 19.7415 0 -10.0333
4 72 19.3410 0 -6.4888 19.3410 0 -10.4250 19.7415 0 -10.0333 19.7415 0 -6.4886
4 16 19.7415 0 -10.0333 19.7415 0 -17.5000 20.1247 0 -17.5000 20.1247 0 -9.4457
4 72 19.7415 0 -6.4886 19.7415 0 -10.0333 20.1247 0 -9.4457 20.1247 0 -6.4885
4 72 20.1247 0 -6.4885 20.1247 0 -9.4457 20.2353 0 -9.2134 20.2353 0 -6.4885
4 16 19.4772 0 -5.1020 19.4772 0 -6.4887 20.2353 0 -6.4885 20.2353 0 -5.1020
4 72 19.4772 0 -3.5047 19.4772 0 -5.1020 20.3227 0 -5.1020 20.3227 0 -3.5045
4 16 19.3425 0 2.5000 19.3425 0 -3.5048 20.3227 0 -3.5045 20.3227 0 2.5000
4 16 20.1247 0 -9.4457 20.1247 0 -17.5000 20.4402 0 -17.5000 20.4402 0 -8.7822
4 72 20.2353 0 -6.4885 20.2353 0 -9.2134 20.4402 0 -8.7822 20.4402 0 -6.4887
4 16 20.2353 0 -5.1020 20.2353 0 -6.4885 20.5115 0 -6.4887 20.5115 0 -5.1020
4 72 20.3227 0 -3.5045 20.3227 0 -5.1020 20.5115 0 -5.1020 20.5115 0 -3.5045
4 16 20.4402 0 -8.7822 20.4402 0 -17.5000 20.6625 0 -17.5000 20.6625 0 -8.2687
4 72 20.4402 0 -6.4887 20.4402 0 -8.7822 20.6625 0 -8.2687 20.6625 0 -6.4889
4 72 20.6625 0 -6.4889 20.6625 0 -8.2687 20.8312 0 -7.8690 20.8312 0 -6.4890
4 16 20.5115 0 -5.1020 20.5115 0 -6.4887 20.8312 0 -6.4890 20.8312 0 -5.1020
4 16 20.6625 0 -8.2687 20.6625 0 -17.5000 20.9585 0 -17.5000 20.9585 0 -7.5675
4 72 20.8312 0 -6.4890 20.8312 0 -7.8690 20.9585 0 -7.5675 20.9585 0 -6.6766
3 72 20.9585 0 -6.6766 20.9585 0 -7.5675 21.1902 0 -7.0183
4 16 20.8312 0 -5.1020 20.8312 0 -6.4890 21.1902 0 -7.0183 21.1902 0 -5.1020
4 16 20.9585 0 -7.5675 20.9585 0 -17.5000 21.1902 0 -17.5000 21.1902 0 -7.0183
4 72 20.5115 0 -3.5045 20.5115 0 -5.1020 21.2362 0 -5.1020 21.2362 0 -3.5045
4 16 20.3227 0 2.5000 20.3227 0 -3.5045 21.2362 0 -3.5045 21.2362 0 2.5000
4 16 21.1902 0 -5.1020 21.1902 0 -17.5000 21.5005 0 -17.5000 21.5005 0 -5.1020
4 72 21.2362 0 -3.5045 21.2362 0 -5.1020 21.5005 0 -5.1020 21.5005 0 -3.5045
4 72 21.5005 0 -3.5045 21.5005 0 -5.1020 22.0675 0 -5.1020 22.0675 0 -3.5045
4 16 21.2362 0 2.5000 21.2362 0 -3.5045 22.0675 0 -3.5045 22.0675 0 2.5000
4 16 21.5005 0 -5.1020 21.5005 0 -17.5000 22.4318 0 -17.5000 22.4318 0 -5.1020
4 72 22.0675 0 -3.5045 22.0675 0 -5.1020 22.4318 0 -5.1020 22.4318 0 -3.5045
4 72 22.4318 0 -3.5045 22.4318 0 -5.1020 22.8013 0 -5.1020 22.8013 0 -3.5045
4 16 22.0675 0 2.5000 22.0675 0 -3.5045 22.8013 0 -3.5045 22.8013 0 2.5000
4 16 22.4318 0 -5.1020 22.4318 0 -17.5000 23.2918 0 -17.5000 23.2918 0 -5.1020
4 72 22.8013 0 -3.5045 22.8013 0 -5.1020 23.2918 0 -5.1020 23.2918 0 -3.5045
4 72 23.2918 0 -3.5045 23.2918 0 -5.1020 23.4220 0 -5.1020 23.4220 0 -3.5045
4 16 22.8013 0 2.5000 22.8013 0 -3.5045 23.4220 0 -3.5045 23.4220 0 2.5000
4 72 23.4220 0 -3.5045 23.4220 0 -5.1020 23.9147 0 -5.1020 23.9147 0 -3.5045
4 16 23.4220 0 2.5000 23.4220 0 -3.5045 23.9147 0 -3.5045 23.9147 0 2.5000
4 16 23.2918 0 -5.1020 23.2918 0 -17.5000 24.0675 0 -17.5000 24.0675 0 -5.1020
4 72 23.9147 0 -3.5045 23.9147 0 -5.1020 24.0675 0 -5.1020 24.0675 0 -3.5045
4 72 24.0675 0 -3.5045 24.0675 0 -5.1020 24.5985 0 -5.1020 24.5985 0 -3.5045
4 16 23.9147 0 2.5000 23.9147 0 -3.5045 24.5985 0 -3.5045 24.5985 0 2.5000
4 16 24.0675 0 -5.1020 24.0675 0 -17.5000 24.7463 0 -17.5000 24.7463 0 -5.1020
4 72 24.5985 0 -3.5045 24.5985 0 -5.1020 24.7463 0 -5.1020 24.7463 0 -3.5044
4 16 24.7463 0 -5.1020 24.7463 0 -17.5000 24.8028 0 -17.5000 24.8028 0 -5.1020
4 16 24.8028 0 -7.9748 24.8028 0 -17.5000 25.0135 0 -17.5000 25.0135 0 -8.5050
3 72 24.8028 0 -7.9748 25.0135 0 -8.5050 25.0135 0 -7.4850
4 72 25.0135 0 -7.4850 25.0135 0 -8.5050 25.0615 0 -8.5210 25.0615 0 -7.3735
4 16 24.8028 0 -5.1020 24.8028 0 -7.9748 25.0615 0 -7.3735 25.0615 0 -5.1020
4 16 25.0615 0 -5.1020 25.0615 0 -7.3735 25.3145 0 -6.8147 25.3145 0 -5.1020
4 72 24.7463 0 -3.5044 24.7463 0 -5.1020 25.3145 0 -5.1020 25.3145 0 -3.5041
4 72 25.0615 0 -7.3735 25.0615 0 -8.5210 25.3300 0 -8.6102 25.3300 0 -6.7805
4 16 25.3145 0 -5.1020 25.3145 0 -6.8147 25.3300 0 -6.7805 25.3300 0 -5.1020
4 72 25.3145 0 -3.5041 25.3145 0 -5.1020 25.4078 0 -5.1020 25.4078 0 -3.5040
4 16 24.5985 0 2.5000 24.5985 0 -3.5045 25.4078 0 -3.5040 25.4078 0 2.5000
4 16 25.0135 0 -8.5050 25.0135 0 -17.5000 25.5838 0 -17.5000 25.5838 0 -8.6945
4 72 25.3300 0 -6.7805 25.3300 0 -8.6102 25.5838 0 -8.6945 25.5838 0 -6.6240
4 16 25.3300 0 -5.1020 25.3300 0 -6.7805 25.7593 0 -6.5158 25.7593 0 -5.1020
4 72 25.4078 0 -3.5040 25.4078 0 -5.1020 25.7593 0 -5.1020 25.7593 0 -3.5037
4 72 25.5838 0 -6.6240 25.5838 0 -8.6945 25.8028 0 -8.7661 25.8028 0 -6.4890
4 16 25.7593 0 -5.1020 25.7593 0 -6.5158 25.8028 0 -6.4890 25.8028 0 -5.1020
4 72 25.8028 0 -6.4890 25.8028 0 -8.7661 26.0363 0 -8.8425 26.0363 0 -6.4890
4 16 25.8028 0 -5.1020 25.8028 0 -6.4890 26.0363 0 -6.4890 26.0363 0 -5.1020
4 16 25.5838 0 -8.6945 25.5838 0 -17.5000 26.2425 0 -17.5000 26.2425 0 -8.9100
4 72 26.0363 0 -6.4890 26.0363 0 -8.8425 26.2425 0 -8.9100 26.2425 0 -6.4890
4 72 25.7593 0 -3.5037 25.7593 0 -5.1020 26.3200 0 -5.1020 26.3200 0 -3.5033
4 16 25.4078 0 2.5000 25.4078 0 -3.5040 26.3200 0 -3.5033 26.3200 0 2.5000
4 72 26.2425 0 -6.4890 26.2425 0 -8.9100 26.5988 0 -9.0255 26.5988 0 -6.4890
4 16 26.0363 0 -5.1020 26.0363 0 -6.4890 26.5988 0 -6.4890 26.5988 0 -5.1020
4 16 26.5988 0 -5.1020 26.5988 0 -6.4890 26.6260 0 -6.4890 26.6260 0 -5.1020
4 72 26.3200 0 -3.5033 26.3200 0 -5.1020 26.6260 0 -5.1020 26.6260 0 -3.5030
4 16 26.2425 0 -8.9100 26.2425 0 -17.5000 26.9727 0 -17.5000 26.9727 0 -9.1467
4 72 26.5988 0 -6.4890 26.5988 0 -9.0255 26.9727 0 -9.1467 26.9727 0 -6.4890
4 72 26.6260 0 -3.5030 26.6260 0 -5.1020 27.3125 0 -5.1020 27.3125 0 -3.5025
4 16 26.3200 0 2.5000 26.3200 0 -3.5033 27.3125 0 -3.5025 27.3125 0 2.5000
4 72 26.9727 0 -6.4890 26.9727 0 -9.1467 27.4195 0 -9.2905 27.4195 0 -6.4890
4 16 26.6260 0 -5.1020 26.6260 0 -6.4890 27.4195 0 -6.4890 27.4195 0 -5.1020
4 16 27.4195 0 -5.1020 27.4195 0 -6.4890 27.6135 0 -6.4890 27.6135 0 -5.1020
4 72 27.3125 0 -3.5025 27.3125 0 -5.1020 27.6135 0 -5.1020 27.6135 0 -3.5021
4 16 26.9727 0 -9.1467 26.9727 0 -17.5000 27.7580 0 -17.5000 27.7580 0 -9.3995
4 72 27.4195 0 -6.4890 27.4195 0 -9.2905 27.7580 0 -9.3995 27.7580 0 -6.4889
4 72 27.6135 0 -3.5021 27.6135 0 -5.1020 28.3630 0 -5.1020 28.3630 0 -3.5012
4 16 27.3125 0 2.5000 27.3125 0 -3.5025 28.3630 0 -3.5012 28.3630 0 2.5000
4 72 27.7580 0 -6.4889 27.7580 0 -9.3995 28.4275 0 -9.6139 28.4275 0 -6.4888
4 16 27.6135 0 -5.1020 27.6135 0 -6.4890 28.4275 0 -6.4888 28.4275 0 -5.1020
4 16 27.7580 0 -9.3995 27.7580 0 -17.5000 28.5817 0 -17.5000 28.5817 0 -9.6632
4 72 28.4275 0 -6.4888 28.4275 0 -9.6139 28.5817 0 -9.6632 28.5817 0 -6.4888
4 16 28.4275 0 -5.1020 28.4275 0 -6.4888 28.6815 0 -6.4888 28.6815 0 -5.1020
4 72 28.3630 0 -3.5012 28.3630 0 -5.1020 28.6815 0 -5.1020 28.6815 0 -3.5009
4 16 28.5817 0 -9.6632 28.5817 0 -17.5000 29.4270 0 -17.5000 29.4270 0 -9.9335
4 72 28.5817 0 -6.4888 28.5817 0 -9.6632 29.4270 0 -9.9335 29.4270 0 -6.4888
4 72 28.6815 0 -3.5009 28.6815 0 -5.1020 29.4490 0 -5.1020 29.4490 0 -3.5000
4 16 28.3630 0 2.5000 28.3630 0 -3.5012 29.4490 0 -3.5000 29.4490 0 2.5000
4 72 29.4270 0 -6.4888 29.4270 0 -9.9335 29.5523 0 -9.9734 29.5523 0 -6.4888
4 16 28.6815 0 -5.1020 28.6815 0 -6.4888 29.5523 0 -6.4888 29.5523 0 -5.1020
4 16 29.5523 0 -5.1020 29.5523 0 -6.4888 29.7895 0 -6.4888 29.7895 0 -5.1020
4 72 29.4490 0 -3.5000 29.4490 0 -5.1020 29.7895 0 -5.1020 29.7895 0 -3.4995
4 16 29.4270 0 -9.9335 29.4270 0 -17.5000 30.2777 0 -17.5000 30.2777 0 -10.2047
4 72 29.5523 0 -6.4888 29.5523 0 -9.9734 30.2777 0 -10.2047 30.2777 0 -6.4888
4 72 29.7895 0 -3.4995 29.7895 0 -5.1020 30.5480 0 -5.1020 30.5480 0 -3.4985
4 16 29.4490 0 2.5000 29.4490 0 -3.5000 30.5480 0 -3.4985 30.5480 0 2.5000
4 72 30.2777 0 -6.4888 30.2777 0 -10.2047 30.7230 0 -10.3468 30.7230 0 -6.4888
4 16 29.7895 0 -5.1020 29.7895 0 -6.4888 30.7230 0 -6.4888 30.7230 0 -5.1020
4 72 30.7230 0 -6.4888 30.7230 0 -10.3468 30.8588 0 -10.3902 30.8588 0 -6.4887
4 16 30.7230 0 -5.1020 30.7230 0 -6.4888 30.8965 0 -6.4887 30.8965 0 -5.1020
4 72 30.5480 0 -3.4985 30.5480 0 -5.1020 30.8965 0 -5.1020 30.8965 0 -3.4981
4 72 30.8588 0 -8.3660 30.8588 0 -10.3902 31.1078 0 -10.4696 31.1078 0 -8.8387
3 16 30.8588 0 -8.3660 31.1078 0 -8.8387 31.1078 0 -8.1881
4 16 30.2777 0 -10.2047 30.2777 0 -17.5000 31.1168 0 -17.5000 31.1168 0 -10.4725
4 72 31.1078 0 -8.8387 31.1078 0 -10.4696 31.1168 0 -10.4725 31.1168 0 -8.8411
4 16 31.1078 0 -8.1881 31.1078 0 -8.8387 31.2467 0 -8.8743 31.2467 0 -8.0887
4 72 30.8588 0 -6.4887 30.8588 0 -8.3660 31.2467 0 -8.0887 31.2467 0 -6.4886
4 72 30.8965 0 -3.4981 30.8965 0 -5.1020 31.6375 0 -5.1020 31.6375 0 -3.4973
4 16 30.5480 0 2.5000 30.5480 0 -3.4985 31.6375 0 -3.4973 31.6375 0 2.5000
4 72 31.2467 0 -6.4886 31.2467 0 -8.0887 31.8690 0 -8.0883 31.8690 0 -6.4885
4 16 30.8965 0 -5.1020 30.8965 0 -6.4887 31.8690 0 -6.4885 31.8690 0 -5.1020
4 16 31.1168 0 -10.4725 31.1168 0 -17.5000 31.9278 0 -17.5000 31.9278 0 -10.7313
4 72 31.1168 0 -8.8411 31.1168 0 -10.4725 31.9278 0 -10.7313 31.9278 0 -9.0483
4 16 31.8690 0 -5.1020 31.8690 0 -6.4885 31.9620 0 -6.4885 31.9620 0 -5.1020
4 72 31.6375 0 -3.4973 31.6375 0 -5.1020 31.9620 0 -5.1020 31.9620 0 -3.4968
4 16 31.2467 0 -8.0887 31.2467 0 -8.8743 32.0202 0 -9.0720 32.0202 0 -8.0883
4 72 31.8690 0 -6.4885 31.8690 0 -8.0883 32.0202 0 -8.0883 32.0202 0 -6.4885
4 72 31.9278 0 -9.0483 31.9278 0 -10.7313 32.0478 0 -10.7696 32.0478 0 -9.0790
4 16 32.0202 0 -8.0883 32.0202 0 -9.0720 32.0478 0 -9.0790 32.0478 0 -8.0883
4 16 31.9278 0 -10.7313 31.9278 0 -17.5000 32.6942 0 -17.5000 32.6942 0 -10.9765
4 72 32.0478 0 -9.0790 32.0478 0 -10.7696 32.6942 0 -10.9765 32.6942 0 -9.2430
4 72 31.9620 0 -3.4968 31.9620 0 -5.1020 32.6950 0 -5.1020 32.6950 0 -3.4958
4 16 31.6375 0 2.5000 31.6375 0 -3.4973 32.6950 0 -3.4958 32.6950 0 2.5000
4 72 32.6942 0 -9.2430 32.6942 0 -10.9765 32.8332 0 -11.0192 32.8332 0 -9.2782
4 16 32.0478 0 -8.0883 32.0478 0 -9.0790 32.8332 0 -9.2782 32.8332 0 -8.0883
4 72 32.0202 0 -6.4885 32.0202 0 -8.0883 32.9195 0 -8.0883 32.9195 0 -6.4888
4 16 31.9620 0 -5.1020 31.9620 0 -6.4885 32.9195 0 -6.4888 32.9195 0 -5.1020
4 16 32.9195 0 -5.1020 32.9195 0 -6.4888 32.9457 0 -6.4888 32.9457 0 -5.1020
4 72 32.6950 0 -3.4958 32.6950 0 -5.1020 32.9457 0 -5.1020 32.9457 0 -3.4954
4 16 32.8332 0 -8.0883 32.8332 0 -9.2782 32.9880 0 -9.3174 32.9880 0 -8.0883
4 72 32.9195 0 -6.4888 32.9195 0 -8.0883 32.9880 0 -8.0883 32.9880 0 -6.4888
4 16 32.6942 0 -10.9765 32.6942 0 -17.5000 33.2920 0 -17.5000 33.2920 0 -11.1600
4 72 32.8332 0 -9.2782 32.8332 0 -11.0192 33.2920 0 -11.1600 33.2920 0 -9.3942
4 72 33.2920 0 -9.3942 33.2920 0 -11.1600 33.5237 0 -11.1952 33.5237 0 -9.4528
4 16 32.9880 0 -8.0883 32.9880 0 -9.3174 33.5237 0 -9.4528 33.5237 0 -8.0884
4 72 32.9457 0 -3.4954 32.9457 0 -5.1020 33.6980 0 -5.1020 33.6980 0 -3.4945
4 16 32.6950 0 2.5000 32.6950 0 -3.4958 33.6980 0 -3.4945 33.6980 0 2.5000
4 72 32.9880 0 -6.4888 32.9880 0 -8.0883 33.8040 0 -8.0885 33.8040 0 -6.4888
4 16 32.9457 0 -5.1020 32.9457 0 -6.4888 33.8040 0 -6.4888 33.8040 0 -5.1020
4 16 33.8040 0 -5.1020 33.8040 0 -6.4888 33.8068 0 -6.4888 33.8068 0 -5.1020
4 72 33.6980 0 -3.4945 33.6980 0 -5.1020 33.8068 0 -5.1020 33.8068 0 -3.4944
4 16 33.2920 0 -11.1600 33.2920 0 -17.5000 33.8170 0 -17.5000 33.8170 0 -11.2398
4 72 33.5237 0 -9.4528 33.5237 0 -11.1952 33.8170 0 -11.2398 33.8170 0 -9.5263
4 16 33.5237 0 -8.0884 33.5237 0 -9.4528 33.9970 0 -9.5714 33.9970 0 -8.0885
4 72 33.8040 0 -6.4888 33.8040 0 -8.0885 33.9970 0 -8.0885 33.9970 0 -6.4888
4 72 33.8170 0 -9.5263 33.8170 0 -11.2398 34.1800 0 -11.2398 34.1800 0 -9.6172
4 16 33.9970 0 -8.0885 33.9970 0 -9.5714 34.1800 0 -9.6172 34.1800 0 -8.0886
4 72 33.9970 0 -6.4888 33.9970 0 -8.0885 34.4517 0 -8.0886 34.4517 0 -6.4888
4 16 33.8068 0 -5.1020 33.8068 0 -6.4888 34.4517 0 -6.4888 34.4517 0 -5.1020
4 16 34.4517 0 -5.1020 34.4517 0 -6.4888 34.5042 0 -6.4888 34.5042 0 -5.1020
4 72 33.8068 0 -3.4944 33.8068 0 -5.1020 34.5042 0 -5.1020 34.5042 0 -3.4934
4 16 33.8170 0 -11.2398 33.8170 0 -17.5000 34.5245 0 -17.5000 34.5245 0 -11.2398
4 72 34.1800 0 -9.6172 34.1800 0 -11.2398 34.5245 0 -11.2398 34.5245 0 -9.7032
4 72 34.5042 0 -3.4934 34.5042 0 -5.1020 34.6243 0 -5.1020 34.6243 0 -3.4933
4 16 33.6980 0 2.5000 33.6980 0 -3.4945 34.6243 0 -3.4933 34.6243 0 2.5000
4 72 34.4517 0 -6.4888 34.4517 0 -8.0886 34.7918 0 -8.0887 34.7918 0 -6.4890
4 16 34.5042 0 -5.1020 34.5042 0 -6.4888 34.7918 0 -6.4890 34.7918 0 -5.1020
4 72 34.5245 0 -9.7032 34.5245 0 -11.2398 34.8623 0 -11.2398 34.8623 0 -9.7875
4 16 34.1800 0 -8.0886 34.1800 0 -9.6172 34.8623 0 -9.7875 34.8623 0 -8.0887
4 16 34.8623 0 -8.0887 34.8623 0 -9.7875 34.8945 0 -9.7956 34.8945 0 -8.0887
4 72 34.7918 0 -6.4890 34.7918 0 -8.0887 34.8945 0 -8.0887 34.8945 0 -6.4306
4 16 34.7918 0 -5.1020 34.7918 0 -6.4890 34.9980 0 -6.3719 34.9980 0 -5.1020
4 72 34.6243 0 -3.4933 34.6243 0 -5.1020 34.9980 0 -5.1020 34.9980 0 -3.4929
4 16 34.9980 0 -5.1020 34.9980 0 -6.3719 35.2475 0 -6.2301 35.2475 0 -5.1020
4 72 34.9980 0 -3.4929 34.9980 0 -5.1020 35.2475 0 -5.1020 35.2475 0 -3.4927
4 16 34.5245 0 -11.2398 34.5245 0 -17.5000 35.4278 0 -17.5000 35.4278 0 -11.2398
4 72 34.8623 0 -9.7875 34.8623 0 -11.2398 35.4278 0 -11.2398 35.4278 0 -9.9287
4 72 35.2475 0 -3.4927 35.2475 0 -5.1020 35.4510 0 -5.3250 35.4510 0 -3.4925
4 16 34.6243 0 2.5000 34.6243 0 -3.4933 35.4510 0 -3.4925 35.4510 0 2.5000
4 72 34.8945 0 -6.4306 34.8945 0 -8.0887 35.4995 0 -8.0887 35.4995 0 -6.0870
4 16 35.2475 0 -5.1020 35.2475 0 -6.2301 35.4995 0 -6.0870 35.4995 0 -5.3781
4 16 34.8945 0 -8.0887 34.8945 0 -9.7956 35.5277 0 -9.9537 35.5277 0 -8.0887
4 72 35.4995 0 -6.0870 35.4995 0 -8.0887 35.5277 0 -8.0887 35.5277 0 -6.0139
4 72 35.4278 0 -9.9287 35.4278 0 -11.2398 35.6300 0 -11.2398 35.6300 0 -9.9793
4 16 35.5277 0 -8.0887 35.5277 0 -9.9537 35.6300 0 -9.9793 35.6300 0 -8.0788
4 72 35.5277 0 -6.0139 35.5277 0 -8.0887 35.6920 0 -8.0728 35.6920 0 -5.5890
3 16 35.4995 0 -5.3781 35.4995 0 -6.0870 35.6920 0 -5.5890
4 72 35.4510 0 -3.4925 35.4510 0 -5.3250 35.6920 0 -5.5890 35.6920 0 -3.4922
4 72 35.6920 0 -3.4922 35.6920 0 -8.0728 36.1560 0 -8.0277 36.1560 0 -3.4918
4 16 35.4510 0 2.5000 35.4510 0 -3.4925 36.1560 0 -3.4918 36.1560 0 2.5000
4 16 35.4278 0 -11.2398 35.4278 0 -17.5000 36.3495 0 -17.5000 36.3495 0 -11.2398
4 72 35.6300 0 -9.9793 35.6300 0 -11.2398 36.3495 0 -11.2398 36.3495 0 -10.1591
4 16 35.6300 0 -8.0788 35.6300 0 -9.9793 36.3867 0 -10.1684 36.3867 0 -8.0052
4 72 36.1560 0 -3.4918 36.1560 0 -8.0277 36.3867 0 -8.0052 36.3867 0 -3.4915
4 72 36.3495 0 -10.1591 36.3495 0 -11.2398 36.5442 0 -11.2398 36.5442 0 -10.2077
4 16 36.3867 0 -8.0052 36.3867 0 -10.1684 36.5442 0 -10.2077 36.5442 0 -7.9532
4 72 36.3867 0 -3.4915 36.3867 0 -8.0052 36.7165 0 -7.8963 36.7165 0 -3.4913
4 16 36.1560 0 2.5000 36.1560 0 -3.4918 36.7165 0 -3.4913 36.7165 0 2.5000
4 16 36.5442 0 -7.9532 36.5442 0 -10.2077 37.1028 0 -10.3478 37.1028 0 -7.7687
4 72 36.7165 0 -3.4913 36.7165 0 -7.8963 37.1028 0 -7.7687 37.1028 0 -3.4913
4 72 37.1028 0 -3.4913 37.1028 0 -7.7687 37.1103 0 -7.7638 37.1103 0 -3.4913
4 16 36.7165 0 2.5000 36.7165 0 -3.4913 37.1103 0 -3.4913 37.1103 0 2.5000
4 16 36.3495 0 -11.2398 36.3495 0 -17.5000 37.1130 0 -17.5000 37.1130 0 -11.2398
4 72 36.5442 0 -10.2077 36.5442 0 -11.2398 37.1130 0 -11.2398 37.1130 0 -10.3504
4 16 37.1130 0 -11.2398 37.1130 0 -17.5000 37.5405 0 -17.5000 37.5405 0 -11.2398
4 72 37.1130 0 -10.3504 37.1130 0 -11.2398 37.5405 0 -11.2398 37.5405 0 -10.4576
4 16 37.1028 0 -7.7687 37.1028 0 -10.3478 37.6635 0 -10.4885 37.6635 0 -7.3972
4 72 37.1103 0 -3.4913 37.1103 0 -7.7638 37.6635 0 -7.3972 37.6635 0 -3.6236
3 72 37.5405 0 -10.4576 37.5405 0 -11.2398 37.6645 0 -10.4888
4 16 37.6635 0 -7.3972 37.6635 0 -10.4885 37.6645 0 -10.4888 37.6645 0 -7.3960
4 16 37.5405 0 -11.2398 37.5405 0 -17.5000 37.6645 0 -17.5000 37.6645 0 -10.4888
4 16 37.6645 0 -7.3960 37.6645 0 -17.5000 38.0558 0 -17.5000 38.0558 0 -6.9085
4 72 37.6635 0 -3.6236 37.6635 0 -7.3972 38.0558 0 -6.9085 38.0558 0 -3.7175
4 16 38.0558 0 -6.9085 38.0558 0 -17.5000 38.3375 0 -17.5000 38.3375 0 -6.3590
4 72 38.0558 0 -3.7175 38.0558 0 -6.9085 38.3375 0 -6.3590 38.3375 0 -3.7849
4 72 38.3375 0 -3.7849 38.3375 0 -6.3590 38.3787 0 -6.2682 38.3787 0 -3.7948
4 16 37.1103 0 2.5000 37.1103 0 -3.4913 38.3787 0 -3.7948 38.3787 0 2.5000
4 16 38.3375 0 -6.3590 38.3375 0 -17.5000 38.5778 0 -17.5000 38.5778 0 -5.8302
4 72 38.3787 0 -3.7948 38.3787 0 -6.2682 38.5778 0 -5.8302 38.5778 0 -4.1024
4 16 38.5778 0 -5.8302 38.5778 0 -17.5000 38.7785 0 -17.5000 38.7785 0 -5.2835
4 72 38.5778 0 -4.1024 38.5778 0 -5.8302 38.7785 0 -5.2835 38.7785 0 -4.4128
3 72 38.7785 0 -4.4128 38.7785 0 -5.2835 38.8325 0 -4.4963
4 16 38.3787 0 2.5000 38.3787 0 -3.7948 38.8325 0 -4.4963 38.8325 0 2.5000
4 16 38.7785 0 -5.2835 38.7785 0 -17.5000 38.8325 0 -17.5000 38.8325 0 -4.4963
4 16 38.8325 0 2.5000 38.8325 0 -17.5000 40.5710 0 -17.5000 40.5710 0 2.5000
4 16 40.5710 0 -4.0598 40.5710 0 -17.5000 40.7020 0 -17.5000 40.7020 0 -4.3160
3 72 40.5710 0 -4.0598 40.7020 0 -4.3160 40.7020 0 -3.8346
4 72 40.7020 0 -3.8346 40.7020 0 -4.3160 40.9017 0 -4.7042 40.9017 0 -3.4913
4 16 40.5710 0 2.5000 40.5710 0 -4.0598 40.9017 0 -3.4913 40.9017 0 2.5000
4 16 40.7020 0 -4.3160 40.7020 0 -17.5000 41.0080 0 -17.5000 41.0080 0 -4.9108
4 72 40.9017 0 -3.4913 40.9017 0 -4.7042 41.0080 0 -4.9108 41.0080 0 -3.4912
4 16 41.0080 0 -4.9108 41.0080 0 -17.5000 41.4408 0 -17.5000 41.4408 0 -5.7503
4 72 41.0080 0 -3.4912 41.0080 0 -4.9108 41.4408 0 -5.7503 41.4408 0 -3.4910
4 72 41.4408 0 -3.4910 41.4408 0 -5.7503 41.5605 0 -5.9823 41.5605 0 -3.4910
4 16 40.9017 0 2.5000 40.9017 0 -3.4913 41.5605 0 -3.4910 41.5605 0 2.5000
4 16 41.4408 0 -5.7503 41.4408 0 -17.5000 41.9522 0 -17.5000 41.9522 0 -6.7415
4 72 41.5605 0 -3.4910 41.5605 0 -5.9823 41.9522 0 -6.7415 41.9522 0 -3.4910
4 16 41.9522 0 -6.7415 41.9522 0 -17.5000 42.4937 0 -17.5000 42.4937 0 -7.7908
4 72 41.9522 0 -3.4910 41.9522 0 -6.7415 42.4937 0 -7.7908 42.4937 0 -3.4910
4 72 42.4937 0 -3.4910 42.4937 0 -7.7908 42.5885 0 -7.9742 42.5885 0 -3.4910
4 16 41.5605 0 2.5000 41.5605 0 -3.4910 42.5885 0 -3.4910 42.5885 0 2.5000
4 16 42.4937 0 -7.7908 42.4937 0 -17.5000 43.0175 0 -17.5000 43.0175 0 -8.8047
4 72 42.5885 0 -3.4910 42.5885 0 -7.9742 43.0175 0 -8.8047 43.0175 0 -3.4912
4 72 43.0175 0 -3.4912 43.0175 0 -8.8047 43.2373 0 -9.2298 43.2373 0 -3.4913
4 16 42.5885 0 2.5000 42.5885 0 -3.4910 43.2373 0 -3.4913 43.2373 0 2.5000
4 16 43.0175 0 -8.8047 43.0175 0 -17.5000 43.4750 0 -17.5000 43.4750 0 -9.6897
4 72 43.2373 0 -3.4913 43.2373 0 -9.2298 43.4750 0 -9.6897 43.4750 0 -3.6607
4 72 43.4750 0 -3.6607 43.4750 0 -9.6897 43.7210 0 -10.1651 43.7210 0 -3.8360
4 16 43.2373 0 2.5000 43.2373 0 -3.4913 43.7210 0 -3.8360 43.7210 0 2.5000
4 16 43.4750 0 -9.6897 43.4750 0 -17.5000 43.8180 0 -17.5000 43.8180 0 -10.3525
4 72 43.7210 0 -3.8360 43.7210 0 -10.1651 43.8180 0 -10.3525 43.8180 0 -4.0376
4 72 43.8180 0 -4.0376 43.8180 0 -10.3525 43.8577 0 -10.4290 43.8577 0 -4.1202
4 16 43.7210 0 2.5000 43.7210 0 -3.8360 43.8577 0 -4.1202 43.8577 0 2.5000
4 16 43.8180 0 -10.3525 43.8180 0 -17.5000 43.9982 0 -17.5000 43.9982 0 -10.6995
4 72 43.8577 0 -4.1202 43.8577 0 -10.4290 43.9982 0 -10.6995 43.9982 0 -4.4076
4 72 43.9982 0 -4.4076 43.9982 0 -10.6995 44.1660 0 -10.8685 44.1660 0 -4.7507
4 16 43.8577 0 2.5000 43.8577 0 -4.1202 44.1660 0 -4.7507 44.1660 0 2.5000
4 16 43.9982 0 -10.6995 43.9982 0 -17.5000 44.4755 0 -17.5000 44.4755 0 -11.1803
4 72 44.1660 0 -4.7507 44.1660 0 -10.8685 44.4755 0 -11.1803 44.4755 0 -5.3820
4 72 44.4755 0 -5.3820 44.4755 0 -11.1803 44.5890 0 -11.1969 44.5890 0 -5.6135
4 16 44.1660 0 2.5000 44.1660 0 -4.7507 44.5890 0 -5.6135 44.5890 0 2.5000
4 72 44.5890 0 -5.6135 44.5890 0 -11.1969 45.0708 0 -11.2678 45.0708 0 -6.5950
4 16 44.5890 0 2.5000 44.5890 0 -5.6135 45.0708 0 -6.5950 45.0708 0 2.5000
4 16 44.4755 0 -11.1803 44.4755 0 -17.5000 45.2643 0 -17.5000 45.2643 0 -11.2963
4 72 45.0708 0 -6.5950 45.0708 0 -11.2678 45.2643 0 -11.2963 45.2643 0 -6.9895
4 72 45.2643 0 -6.9895 45.2643 0 -11.2963 45.5547 0 -11.2963 45.5547 0 -7.5817
4 16 45.0708 0 2.5000 45.0708 0 -6.5950 45.5547 0 -7.5817 45.5547 0 2.5000
4 72 45.5547 0 -7.5817 45.5547 0 -11.2963 45.9852 0 -11.2963 45.9852 0 -8.4600
4 16 45.5547 0 2.5000 45.5547 0 -7.5817 45.9852 0 -8.4600 45.9852 0 2.5000
4 16 45.2643 0 -11.2963 45.2643 0 -17.5000 46.0570 0 -17.5000 46.0570 0 -11.2963
4 72 45.9852 0 -8.4600 45.9852 0 -11.2963 46.0570 0 -11.2963 46.0570 0 -8.6070
4 72 46.0570 0 -8.6070 46.0570 0 -11.2963 46.3055 0 -11.2963 46.3055 0 -9.1160
4 16 45.9852 0 2.5000 45.9852 0 -8.4600 46.3055 0 -9.1160 46.3055 0 2.5000
4 72 46.3055 0 -9.1160 46.3055 0 -11.2963 46.4597 0 -11.2963 46.4597 0 -9.4365
4 16 46.3055 0 2.5000 46.3055 0 -9.1160 46.4597 0 -9.4365 46.4597 0 2.5000
4 16 46.0570 0 -11.2963 46.0570 0 -17.5000 46.8890 0 -17.5000 46.8890 0 -11.2963
4 72 46.4597 0 -9.4365 46.4597 0 -11.2963 46.8890 0 -11.2963 46.8890 0 -9.5262
4 72 46.8890 0 -9.5262 46.8890 0 -11.2963 47.0565 0 -11.2704 47.0565 0 -9.5613
4 16 46.4597 0 2.5000 46.4597 0 -9.4365 47.0565 0 -9.5613 47.0565 0 2.5000
4 72 47.0565 0 -9.5613 47.0565 0 -11.2704 47.2460 0 -11.2411 47.2460 0 -9.4243
4 16 47.0565 0 2.5000 47.0565 0 -9.5613 47.2460 0 -9.4243 47.2460 0 2.5000
4 72 47.2460 0 -9.4243 47.2460 0 -11.2411 47.6963 0 -11.1716 47.6963 0 -9.1005
4 16 47.2460 0 2.5000 47.2460 0 -9.4243 47.6963 0 -9.1005 47.6963 0 2.5000
4 16 46.8890 0 -11.2963 46.8890 0 -17.5000 47.7813 0 -17.5000 47.7813 0 -11.1585
4 72 47.6963 0 -9.1005 47.6963 0 -11.1716 47.7813 0 -11.1585 47.7813 0 -9.0394
4 72 47.7813 0 -9.0394 47.7813 0 -11.1585 48.3552 0 -10.8681 48.3552 0 -8.6268
4 16 47.6963 0 2.5000 47.6963 0 -9.1005 48.3552 0 -8.6268 48.3552 0 2.5000
4 16 47.7813 0 -11.1585 47.7813 0 -17.5000 48.4435 0 -17.5000 48.4435 0 -10.8235
4 72 48.3552 0 -8.6268 48.3552 0 -10.8681 48.4435 0 -10.8235 48.4435 0 -8.5633
4 16 48.4435 0 -10.8235 48.4435 0 -17.5000 48.6082 0 -17.5000 48.6082 0 -10.7065
4 72 48.4435 0 -8.5633 48.4435 0 -10.8235 48.6082 0 -10.7065 48.6082 0 -8.4449
4 16 48.6082 0 -10.7065 48.6082 0 -17.5000 48.9458 0 -17.5000 48.9458 0 -10.4700
4 72 48.6082 0 -8.4449 48.6082 0 -10.7065 48.9458 0 -10.4700 48.9458 0 -8.2024
4 72 48.9458 0 -8.2024 48.9458 0 -10.4700 49.1710 0 -10.3126 49.1710 0 -8.0405
4 16 48.3552 0 2.5000 48.3552 0 -8.6268 49.1710 0 -8.0405 49.1710 0 2.5000
4 16 48.9458 0 -10.4700 48.9458 0 -17.5000 49.4317 0 -17.5000 49.4317 0 -10.1305
4 72 49.1710 0 -8.0405 49.1710 0 -10.3126 49.4317 0 -10.1305 49.4317 0 -7.8532
4 16 49.4317 0 -10.1305 49.4317 0 -17.5000 50.0413 0 -17.5000 50.0413 0 -9.7047
4 72 49.4317 0 -7.8532 49.4317 0 -10.1305 50.0413 0 -9.7047 50.0413 0 -7.4153
4 72 50.0413 0 -7.4153 50.0413 0 -9.7047 50.0918 0 -9.6695 50.0918 0 -7.3790
4 16 49.1710 0 2.5000 49.1710 0 -8.0405 50.0918 0 -7.3790 50.0918 0 2.5000
4 16 50.0413 0 -9.7047 50.0413 0 -17.5000 50.7505 0 -17.5000 50.7505 0 -9.2095
4 72 50.0918 0 -7.3790 50.0918 0 -9.6695 50.7505 0 -9.2095 50.7505 0 -6.9057
4 72 50.7505 0 -6.9057 50.7505 0 -9.2095 51.0660 0 -8.9888 51.0660 0 -6.6790
4 16 50.0918 0 2.5000 50.0918 0 -7.3790 51.0660 0 -6.6790 51.0660 0 2.5000
4 16 50.7505 0 -9.2095 50.7505 0 -17.5000 51.5345 0 -17.5000 51.5345 0 -8.6610
4 72 51.0660 0 -6.6790 51.0660 0 -8.9888 51.5345 0 -8.6610 51.5345 0 -6.3422
4 72 51.5345 0 -6.3422 51.5345 0 -8.6610 52.0413 0 -8.3057 52.0413 0 -5.9780
4 16 51.0660 0 2.5000 51.0660 0 -6.6790 52.0413 0 -5.9780 52.0413 0 2.5000
4 16 51.5345 0 -8.6610 51.5345 0 -17.5000 52.3692 0 -17.5000 52.3692 0 -8.0757
4 72 52.0413 0 -5.9780 52.0413 0 -8.3057 52.3692 0 -8.0757 52.3692 0 -5.7422
4 72 52.3692 0 -5.7422 52.3692 0 -8.0757 52.9665 0 -7.6560 52.9665 0 -5.3128
4 16 52.0413 0 2.5000 52.0413 0 -5.9780 52.9665 0 -5.3128 52.9665 0 2.5000
4 16 52.3692 0 -8.0757 52.3692 0 -17.5000 53.2300 0 -17.5000 53.2300 0 -7.4708
4 72 52.9665 0 -5.3128 52.9665 0 -7.6560 53.2300 0 -7.4708 53.2300 0 -5.1231
4 72 53.2300 0 -5.1231 53.2300 0 -7.4708 53.7890 0 -7.0764 53.7890 0 -4.7208
4 16 52.9665 0 2.5000 52.9665 0 -5.3128 53.7890 0 -4.7208 53.7890 0 2.5000
4 16 53.2300 0 -7.4708 53.2300 0 -17.5000 54.0923 0 -17.5000 54.0923 0 -6.8625
4 72 53.7890 0 -4.7208 53.7890 0 -7.0764 54.0923 0 -6.8625 54.0923 0 -4.5022
4 72 54.0923 0 -4.5022 54.0923 0 -6.8625 54.4578 0 -6.6034 54.4578 0 -4.2388
4 16 53.7890 0 2.5000 53.7890 0 -4.7208 54.4578 0 -4.2388 54.4578 0 2.5000
4 72 54.4578 0 -4.2388 54.4578 0 -6.6034 54.9205 0 -6.2755 54.9205 0 -3.9045
4 16 54.4578 0 2.5000 54.4578 0 -4.2388 54.9205 0 -3.9045 54.9205 0 2.5000
4 16 54.0923 0 -6.8625 54.0923 0 -17.5000 54.9317 0 -17.5000 54.9317 0 -6.2675
4 72 54.9205 0 -3.9045 54.9205 0 -6.2755 54.9317 0 -6.2675 54.9317 0 -3.8963
4 72 54.9317 0 -3.8963 54.9317 0 -6.2675 55.1252 0 -6.1294 55.1252 0 -3.7545
4 16 54.9205 0 2.5000 54.9205 0 -3.9045 55.1252 0 -3.7545 55.1252 0 2.5000
4 72 55.1252 0 -3.7545 55.1252 0 -6.1294 55.5032 0 -5.8597 55.5032 0 -3.5598
4 16 55.1252 0 2.5000 55.1252 0 -3.7545 55.5032 0 -3.5598 55.5032 0 2.5000
4 16 54.9317 0 -6.2675 54.9317 0 -17.5000 55.7240 0 -17.5000 55.7240 0 -5.7022
4 72 55.5032 0 -3.5598 55.5032 0 -5.8597 55.7240 0 -5.7022 55.7240 0 -3.5277
4 72 55.7240 0 -3.5277 55.7240 0 -5.7022 55.9750 0 -5.5217 55.9750 0 -3.4913
4 16 55.5032 0 2.5000 55.5032 0 -3.5598 55.9750 0 -3.4913 55.9750 0 2.5000
4 72 55.9750 0 -3.4913 55.9750 0 -5.5217 56.4048 0 -5.2125 56.4048 0 -3.4913
4 16 55.9750 0 2.5000 55.9750 0 -3.4913 56.4048 0 -3.4913 56.4048 0 2.5000
4 16 55.7240 0 -5.7022 55.7240 0 -17.5000 56.4447 0 -17.5000 56.4447 0 -5.1838
4 72 56.4048 0 -3.4913 56.4048 0 -5.2125 56.4447 0 -5.1838 56.4447 0 -3.4913
4 16 56.4447 0 -5.1838 56.4447 0 -17.5000 56.5588 0 -17.5000 56.5588 0 -5.1302
4 72 56.4447 0 -3.4913 56.4447 0 -5.1838 56.5588 0 -5.1302 56.5588 0 -3.4913
4 16 56.5588 0 -5.1302 56.5588 0 -17.5000 56.6685 0 -17.5000 56.6685 0 -5.1020
4 72 56.5588 0 -3.4913 56.5588 0 -5.1302 56.6685 0 -5.1020 56.6685 0 -3.4913
4 72 56.6685 0 -3.4913 56.6685 0 -5.1020 56.8725 0 -5.1020 56.8725 0 -3.4913
4 16 56.4048 0 2.5000 56.4048 0 -3.4913 56.8725 0 -3.4913 56.8725 0 2.5000
4 16 56.6685 0 -5.1020 56.6685 0 -17.5000 57.1525 0 -17.5000 57.1525 0 -5.1020
4 72 56.8725 0 -3.4913 56.8725 0 -5.1020 57.1525 0 -5.1020 57.1525 0 -3.4913
4 72 57.1525 0 -3.4913 57.1525 0 -5.1020 57.3770 0 -5.1020 57.3770 0 -3.4913
4 16 56.8725 0 2.5000 56.8725 0 -3.4913 57.3770 0 -3.4913 57.3770 0 2.5000
4 16 57.1525 0 -5.1020 57.1525 0 -17.5000 57.6442 0 -17.5000 57.6442 0 -5.1020
4 16 57.6442 0 -5.1020 57.6442 0 -9.6725 57.7032 0 -9.4059 57.7032 0 -5.1020
4 72 57.3770 0 -3.4913 57.3770 0 -5.1020 57.7032 0 -5.1020 57.7032 0 -3.4913
3 72 57.6442 0 -9.6725 57.8907 0 -10.4091 57.8907 0 -8.5585
4 16 57.7032 0 -5.1020 57.7032 0 -9.4059 57.8907 0 -8.5585 57.8907 0 -5.1020
4 72 57.7032 0 -3.4913 57.7032 0 -5.1020 57.9175 0 -5.1020 57.9175 0 -3.4913
4 16 57.3770 0 2.5000 57.3770 0 -3.4913 57.9175 0 -3.4913 57.9175 0 2.5000
4 16 57.6442 0 -9.6725 57.6442 0 -17.5000 57.9250 0 -17.5000 57.9250 0 -10.5115
4 72 57.8907 0 -8.5585 57.8907 0 -10.4091 57.9250 0 -10.5115 57.9250 0 -8.4793
4 72 57.9250 0 -8.4793 57.9250 0 -10.5115 58.1435 0 -10.6679 58.1435 0 -7.9742
4 16 57.8907 0 -5.1020 57.8907 0 -8.5585 58.1435 0 -7.9742 58.1435 0 -5.1020
4 16 58.1435 0 -5.1020 58.1435 0 -7.9742 58.3162 0 -7.5832 58.3162 0 -5.1020
4 72 57.9175 0 -3.4913 57.9175 0 -5.1020 58.3162 0 -5.1020 58.3162 0 -3.4913
4 72 58.1435 0 -7.9742 58.1435 0 -10.6679 58.3870 0 -10.8421 58.3870 0 -7.4230
4 16 58.3162 0 -5.1020 58.3162 0 -7.5832 58.3870 0 -7.4230 58.3870 0 -5.1020
4 72 58.3162 0 -3.4913 58.3162 0 -5.1020 58.4925 0 -5.1020 58.4925 0 -3.4913
4 16 57.9175 0 2.5000 57.9175 0 -3.4913 58.4925 0 -3.4913 58.4925 0 2.5000
4 72 58.3870 0 -7.4230 58.3870 0 -10.8421 58.6418 0 -11.0244 58.6418 0 -6.8368
4 16 58.3870 0 -5.1020 58.3870 0 -7.4230 58.6418 0 -6.8368 58.6418 0 -5.1020
4 16 57.9250 0 -10.5115 57.9250 0 -17.5000 58.6642 0 -17.5000 58.6642 0 -11.0405
4 72 58.6418 0 -6.8368 58.6418 0 -11.0244 58.6642 0 -11.0405 58.6642 0 -6.8200
4 16 58.6418 0 -5.1020 58.6418 0 -6.8368 58.9865 0 -6.5809 58.9865 0 -5.1020
4 72 58.4925 0 -3.4913 58.4925 0 -5.1020 58.9865 0 -5.1020 58.9865 0 -3.4915
4 72 58.9865 0 -3.4915 58.9865 0 -5.1020 59.1012 0 -5.1020 59.1012 0 -3.4915
4 16 58.4925 0 2.5000 58.4925 0 -3.4913 59.1012 0 -3.4915 59.1012 0 2.5000
4 72 58.6642 0 -6.8200 58.6642 0 -11.0405 59.1102 0 -11.1132 59.1102 0 -6.4890
4 16 58.9865 0 -5.1020 58.9865 0 -6.5809 59.1102 0 -6.4890 59.1102 0 -5.1020
4 16 59.1102 0 -5.1020 59.1102 0 -6.4890 59.7100 0 -6.4890 59.7100 0 -5.1020
4 72 59.1012 0 -3.4915 59.1012 0 -5.1020 59.7100 0 -5.1020 59.7100 0 -3.4915
4 72 59.7100 0 -3.4915 59.7100 0 -5.1020 59.7425 0 -5.1020 59.7425 0 -3.4915
4 16 59.1012 0 2.5000 59.1012 0 -3.4915 59.7425 0 -3.4915 59.7425 0 2.5000
4 16 58.6642 0 -11.0405 58.6642 0 -17.5000 59.7938 0 -17.5000 59.7938 0 -11.2245
4 72 59.1102 0 -6.4890 59.1102 0 -11.1132 59.7938 0 -11.2245 59.7938 0 -6.4890
4 72 59.7425 0 -3.4915 59.7425 0 -5.1020 60.4155 0 -5.1020 60.4155 0 -3.4915
4 16 59.7425 0 2.5000 59.7425 0 -3.4915 60.4155 0 -3.4915 60.4155 0 2.5000
4 16 59.7100 0 -5.1020 59.7100 0 -6.4890 60.4820 0 -6.4889 60.4820 0 -5.1020
4 72 60.4155 0 -3.4915 60.4155 0 -5.1020 60.4820 0 -5.1020 60.4820 0 -3.4915
4 72 59.7938 0 -6.4890 59.7938 0 -11.2245 60.8438 0 -11.2246 60.8438 0 -6.4889
3 16 60.8438 0 -9.3310 60.8895 0 -9.3581 60.8895 0 -8.7005
4 72 60.8438 0 -6.4889 60.8438 0 -9.3310 60.8895 0 -8.7005 60.8895 0 -6.4889
4 16 60.8895 0 -8.7005 60.8895 0 -9.3581 61.0417 0 -9.4482 61.0417 0 -8.3377
4 72 60.8895 0 -6.4889 60.8895 0 -8.7005 61.0417 0 -8.3377 61.0417 0 -6.4889
4 72 60.4820 0 -3.4915 60.4820 0 -5.1020 61.1190 0 -5.1020 61.1190 0 -3.4915
4 16 60.4155 0 2.5000 60.4155 0 -3.4915 61.1190 0 -3.4915 61.1190 0 2.5000
4 16 61.0417 0 -8.3377 61.0417 0 -9.4482 61.2100 0 -9.5479 61.2100 0 -8.1563
4 72 61.0417 0 -6.4889 61.0417 0 -8.3377 61.2100 0 -8.1563 61.2100 0 -6.4889
4 16 60.4820 0 -5.1020 60.4820 0 -6.4889 61.2980 0 -6.4889 61.2980 0 -5.1020
4 72 61.1190 0 -3.4915 61.1190 0 -5.1020 61.2980 0 -5.1020 61.2980 0 -3.4916
4 72 60.8438 0 -9.3310 60.8438 0 -11.2246 61.3470 0 -11.2246 61.3470 0 -9.6290
4 16 61.2100 0 -8.1563 61.2100 0 -9.5479 61.3470 0 -9.6290 61.3470 0 -8.1156
4 16 61.3470 0 -8.1156 61.3470 0 -9.6290 61.3905 0 -9.6290 61.3905 0 -8.1028
4 72 61.2100 0 -6.4889 61.2100 0 -8.1563 61.3905 0 -8.1028 61.3905 0 -6.4889
4 72 61.2980 0 -3.4916 61.2980 0 -5.1020 61.8522 0 -5.1020 61.8522 0 -3.4918
4 16 61.1190 0 2.5000 61.1190 0 -3.4915 61.8522 0 -3.4918 61.8522 0 2.5000
4 16 61.2980 0 -5.1020 61.2980 0 -6.4889 62.1532 0 -6.4888 62.1532 0 -5.1020
4 72 61.8522 0 -3.4918 61.8522 0 -5.1020 62.1532 0 -5.1020 62.1532 0 -3.4918
4 72 62.1532 0 -3.4918 62.1532 0 -5.1020 62.6137 0 -5.1020 62.6137 0 -3.4918
4 16 61.8522 0 2.5000 61.8522 0 -3.4918 62.6137 0 -3.4918 62.6137 0 2.5000
4 16 62.1532 0 -5.1020 62.1532 0 -6.4888 63.0433 0 -6.4888 63.0433 0 -5.1020
4 72 62.6137 0 -3.4918 62.6137 0 -5.1020 63.0433 0 -5.1020 63.0433 0 -3.4919
4 72 63.0433 0 -3.4919 63.0433 0 -5.1020 63.4027 0 -5.1020 63.4027 0 -3.4920
4 16 62.6137 0 2.5000 62.6137 0 -3.4918 63.4027 0 -3.4920 63.4027 0 2.5000
4 16 63.0433 0 -5.1020 63.0433 0 -6.4888 63.9638 0 -6.4887 63.9638 0 -5.1020
4 72 63.4027 0 -3.4920 63.4027 0 -5.1020 63.9638 0 -5.1020 63.9638 0 -3.4920
4 72 63.9638 0 -3.4920 63.9638 0 -5.1020 64.2180 0 -5.1020 64.2180 0 -3.4920
4 16 63.4027 0 2.5000 63.4027 0 -3.4920 64.2180 0 -3.4920 64.2180 0 2.5000
4 16 63.9638 0 -5.1020 63.9638 0 -6.4887 64.9100 0 -6.4886 64.9100 0 -5.1020
4 72 64.2180 0 -3.4920 64.2180 0 -5.1020 64.9100 0 -5.1020 64.9100 0 -3.4922
4 72 64.9100 0 -3.4922 64.9100 0 -5.1020 65.0588 0 -5.1020 65.0588 0 -3.4922
4 16 64.2180 0 2.5000 64.2180 0 -3.4920 65.0588 0 -3.4922 65.0588 0 2.5000
4 16 64.9100 0 -5.1020 64.9100 0 -6.4886 65.8775 0 -6.4886 65.8775 0 -5.1020
4 72 65.0588 0 -3.4922 65.0588 0 -5.1020 65.8775 0 -5.1020 65.8775 0 -3.4925
4 72 65.8775 0 -3.4925 65.8775 0 -5.1020 65.9237 0 -5.1020 65.9237 0 -3.4925
4 16 65.0588 0 2.5000 65.0588 0 -3.4922 65.9237 0 -3.4925 65.9237 0 2.5000
4 72 65.9237 0 -3.4925 65.9237 0 -5.1020 66.8120 0 -5.1020 66.8120 0 -3.4925
4 16 65.9237 0 2.5000 65.9237 0 -3.4925 66.8120 0 -3.4925 66.8120 0 2.5000
4 16 65.8775 0 -5.1020 65.8775 0 -6.4886 66.8618 0 -6.4885 66.8618 0 -5.1020
4 72 66.8120 0 -3.4925 66.8120 0 -5.1020 66.8618 0 -5.1020 66.8618 0 -3.4925
4 72 66.8618 0 -3.4925 66.8618 0 -5.1020 67.7225 0 -5.1020 67.7225 0 -3.4928
4 16 66.8120 0 2.5000 66.8120 0 -3.4925 67.7225 0 -3.4928 67.7225 0 2.5000
4 16 66.8618 0 -5.1020 66.8618 0 -6.4885 67.8582 0 -6.4885 67.8582 0 -5.1020
4 72 67.7225 0 -3.4928 67.7225 0 -5.1020 67.8582 0 -5.1020 67.8582 0 -3.4928
4 72 67.8582 0 -3.4928 67.8582 0 -5.1020 68.6543 0 -5.1020 68.6543 0 -3.4930
4 16 67.7225 0 2.5000 67.7225 0 -3.4928 68.6543 0 -3.4930 68.6543 0 2.5000
4 16 67.8582 0 -5.1020 67.8582 0 -6.4885 68.8620 0 -6.4884 68.8620 0 -5.1020
4 72 68.6543 0 -3.4930 68.6543 0 -5.1020 68.8620 0 -5.1020 68.8620 0 -3.4930
4 72 68.8620 0 -3.4930 68.8620 0 -5.1020 69.6060 0 -5.1020 69.6060 0 -3.4930
4 16 68.6543 0 2.5000 68.6543 0 -3.4930 69.6060 0 -3.4930 69.6060 0 2.5000
4 16 68.8620 0 -5.1020 68.8620 0 -6.4884 69.8690 0 -6.4883 69.8690 0 -5.1020
4 72 69.6060 0 -3.4930 69.6060 0 -5.1020 69.8690 0 -5.1020 69.8690 0 -3.4931
4 72 69.8690 0 -3.4931 69.8690 0 -5.1020 70.5770 0 -5.1020 70.5770 0 -3.4933
4 16 69.6060 0 2.5000 69.6060 0 -3.4930 70.5770 0 -3.4933 70.5770 0 2.5000
4 16 69.8690 0 -5.1020 69.8690 0 -6.4883 70.8748 0 -6.4883 70.8748 0 -5.1020
4 72 70.5770 0 -3.4933 70.5770 0 -5.1020 70.8748 0 -5.1020 70.8748 0 -3.4933
4 72 70.8748 0 -3.4933 70.8748 0 -5.1020 71.5660 0 -5.1020 71.5660 0 -3.4935
4 16 70.5770 0 2.5000 70.5770 0 -3.4933 71.5660 0 -3.4935 71.5660 0 2.5000
4 16 70.8748 0 -5.1020 70.8748 0 -6.4883 71.8743 0 -6.4882 71.8743 0 -5.1020
4 72 71.5660 0 -3.4935 71.5660 0 -5.1020 71.8743 0 -5.1020 71.8743 0 -3.4936
4 72 71.8743 0 -3.4936 71.8743 0 -5.1020 72.5717 0 -5.1020 72.5717 0 -3.4937
4 16 71.5660 0 2.5000 71.5660 0 -3.4935 72.5717 0 -3.4937 72.5717 0 2.5000
4 16 71.8743 0 -5.1020 71.8743 0 -6.4882 72.8630 0 -6.4881 72.8630 0 -5.1020
4 72 72.5717 0 -3.4937 72.5717 0 -5.1020 72.8630 0 -5.1020 72.8630 0 -3.4938
4 16 59.7938 0 -11.2245 59.7938 0 -17.5000 73.4338 0 -17.5000 73.4338 0 -11.2255
4 72 61.3470 0 -9.6290 61.3470 0 -11.2246 73.4338 0 -11.2255 73.4338 0 -9.6280
4 72 72.8630 0 -3.4938 72.8630 0 -5.1020 73.5938 0 -5.1020 73.5938 0 -3.4940
4 16 72.5717 0 2.5000 72.5717 0 -3.4937 73.5938 0 -3.4940 73.5938 0 2.5000
4 16 72.8630 0 -5.1020 72.8630 0 -6.4881 73.8370 0 -6.4881 73.8370 0 -5.1020
4 72 73.5938 0 -3.4940 73.5938 0 -5.1020 73.8370 0 -5.1020 73.8370 0 -3.4941
4 72 73.4338 0 -9.6280 73.4338 0 -11.2255 73.8512 0 -10.9336 73.8512 0 -9.6280
4 16 61.3905 0 -8.1028 61.3905 0 -9.6290 73.8512 0 -9.6280 73.8512 0 -8.1028
4 16 73.4338 0 -11.2255 73.4338 0 -17.5000 73.9065 0 -17.5000 73.9065 0 -10.8950
4 72 73.8512 0 -9.6280 73.8512 0 -10.9336 73.9065 0 -10.8950 73.9065 0 -9.7066
3 72 73.9065 0 -9.7066 73.9065 0 -10.8950 74.2240 0 -10.1583
4 16 73.8512 0 -8.1028 73.8512 0 -9.6280 74.2240 0 -10.1583 74.2240 0 -8.1028
4 16 73.9065 0 -10.8950 73.9065 0 -17.5000 74.2240 0 -17.5000 74.2240 0 -10.1583
4 72 73.8370 0 -3.4941 73.8370 0 -5.1020 74.6305 0 -5.1020 74.6305 0 -3.4943
4 16 73.5938 0 2.5000 73.5938 0 -3.4940 74.6305 0 -3.4943 74.6305 0 2.5000
4 16 74.2240 0 -8.1028 74.2240 0 -17.5000 74.7815 0 -17.5000 74.7815 0 -8.1028
4 72 61.3905 0 -6.4889 61.3905 0 -8.1028 74.7815 0 -8.1028 74.7815 0 -6.4880
4 16 73.8370 0 -5.1020 73.8370 0 -6.4881 74.7910 0 -6.4880 74.7910 0 -5.1020
4 72 74.6305 0 -3.4943 74.6305 0 -5.1020 74.7910 0 -5.1020 74.7910 0 -3.4943
4 72 74.7815 0 -6.4880 74.7815 0 -8.1028 75.1977 0 -7.7944 75.1977 0 -6.4880
4 16 74.7910 0 -5.1020 74.7910 0 -6.4880 75.1977 0 -6.4880 75.1977 0 -5.1020
4 16 74.7815 0 -8.1028 74.7815 0 -17.5000 75.2523 0 -17.5000 75.2523 0 -7.7540
4 72 75.1977 0 -6.4880 75.1977 0 -7.7944 75.2523 0 -7.7540 75.2523 0 -6.5707
3 72 75.2523 0 -6.5707 75.2523 0 -7.7540 75.5565 0 -7.0322
4 16 75.1977 0 -5.1020 75.1977 0 -6.4880 75.5565 0 -7.0322 75.5565 0 -5.1020
4 16 75.2523 0 -7.7540 75.2523 0 -17.5000 75.5565 0 -17.5000 75.5565 0 -7.0322
4 72 74.7910 0 -3.4943 74.7910 0 -5.1020 75.6813 0 -5.1020 75.6813 0 -3.4945
4 16 74.6305 0 2.5000 74.6305 0 -3.4943 75.6813 0 -3.4945 75.6813 0 2.5000
4 16 75.5565 0 -5.1020 75.5565 0 -17.5000 75.7210 0 -17.5000 75.7210 0 -5.1020
4 72 75.6813 0 -3.4945 75.6813 0 -5.1020 75.7210 0 -5.1020 75.7210 0 -3.4945
4 16 75.7210 0 -5.1020 75.7210 0 -17.5000 76.6222 0 -17.5000 76.6222 0 -5.1020
4 72 75.7210 0 -3.4945 75.7210 0 -5.1020 76.6222 0 -5.1020 76.6222 0 -3.4947
4 72 76.6222 0 -3.4947 76.6222 0 -5.1020 76.7450 0 -5.1020 76.7450 0 -3.4948
4 16 75.6813 0 2.5000 75.6813 0 -3.4945 76.7450 0 -3.4948 76.7450 0 2.5000
4 16 76.6222 0 -5.1020 76.6222 0 -17.5000 77.4903 0 -17.5000 77.4903 0 -5.1020
4 72 76.7450 0 -3.4948 76.7450 0 -5.1020 77.4903 0 -5.1020 77.4903 0 -3.4949
4 72 77.4903 0 -3.4949 77.4903 0 -5.1020 77.8203 0 -5.1020 77.8203 0 -3.4950
4 16 76.7450 0 2.5000 76.7450 0 -3.4948 77.8203 0 -3.4950 77.8203 0 2.5000
4 16 77.4903 0 -5.1020 77.4903 0 -17.5000 78.3205 0 -17.5000 78.3205 0 -5.1020
4 72 77.8203 0 -3.4950 77.8203 0 -5.1020 78.3205 0 -5.1020 78.3205 0 -3.4951
4 72 78.3205 0 -3.4951 78.3205 0 -5.1020 78.9063 0 -5.1020 78.9063 0 -3.4952
4 16 77.8203 0 2.5000 77.8203 0 -3.4950 78.9063 0 -3.4952 78.9063 0 2.5000
4 16 78.3205 0 -5.1020 78.3205 0 -17.5000 79.1082 0 -17.5000 79.1082 0 -5.1020
4 72 78.9063 0 -3.4952 78.9063 0 -5.1020 79.1082 0 -5.1020 79.1082 0 -3.4953
4 16 79.1082 0 -5.1020 79.1082 0 -17.5000 79.8490 0 -17.5000 79.8490 0 -5.1020
4 72 79.1082 0 -3.4953 79.1082 0 -5.1020 79.8490 0 -5.1020 79.8490 0 -3.4955
4 72 79.8490 0 -3.4955 79.8490 0 -5.1020 80.0023 0 -5.1020 80.0023 0 -3.4955
4 16 78.9063 0 2.5000 78.9063 0 -3.4952 80.0023 0 -3.4955 80.0023 0 2.5000
4 72 80.0023 0 -3.4955 80.0023 0 -5.1020 81.1068 0 -5.1020 81.1068 0 -3.4958
4 16 80.0023 0 2.5000 80.0023 0 -3.4955 81.1068 0 -3.4958 81.1068 0 2.5000
4 16 79.8490 0 -5.1020 79.8490 0 -17.5000 81.1903 0 -17.5000 81.1903 0 -5.1020
4 72 81.1068 0 -3.4958 81.1068 0 -5.1020 81.1903 0 -5.1020 81.1903 0 -3.4958
4 16 81.1903 0 -5.1020 81.1903 0 -17.5000 81.5455 0 -17.5000 81.5455 0 -5.1020
3 72 81.5455 0 -10.7135 81.6620 0 -10.8779 81.6620 0 -10.4378
4 16 81.5455 0 -5.1020 81.5455 0 -10.7135 81.6620 0 -10.4378 81.6620 0 -5.1020
4 16 81.5455 0 -10.7135 81.5455 0 -17.5000 81.9082 0 -17.5000 81.9082 0 -11.2255
4 72 81.6620 0 -10.4378 81.6620 0 -10.8779 81.9082 0 -11.2255 81.9082 0 -9.8638
4 72 81.9082 0 -9.8638 81.9082 0 -11.2255 81.9197 0 -11.2255 81.9197 0 -9.8370
4 16 81.6620 0 -5.1020 81.6620 0 -10.4378 81.9197 0 -9.8370 81.9197 0 -5.1020
4 72 81.1903 0 -3.4958 81.1903 0 -5.1020 82.2188 0 -5.1020 82.2188 0 -3.4960
4 16 81.1068 0 2.5000 81.1068 0 -3.4958 82.2188 0 -3.4960 82.2188 0 2.5000
4 16 81.9197 0 -5.1020 81.9197 0 -9.8370 82.2500 0 -9.0705 82.2500 0 -5.1020
4 72 82.2188 0 -3.4960 82.2188 0 -5.1020 82.2500 0 -5.1020 82.2500 0 -3.4960
4 72 81.9197 0 -9.8370 81.9197 0 -11.2255 82.2735 0 -11.2254 82.2735 0 -9.0160
4 16 82.2500 0 -5.1020 82.2500 0 -9.0705 82.2735 0 -9.0160 82.2735 0 -5.1020
4 16 81.9082 0 -11.2255 81.9082 0 -17.5000 82.5812 0 -17.5000 82.5812 0 -11.2253
4 72 82.2735 0 -9.0160 82.2735 0 -11.2254 82.5812 0 -11.2253 82.5812 0 -8.3032
4 72 82.5812 0 -8.3032 82.5812 0 -11.2253 82.6778 0 -11.2253 82.6778 0 -8.0797
4 16 82.2735 0 -5.1020 82.2735 0 -9.0160 82.6778 0 -8.0797 82.6778 0 -5.1020
4 16 82.6778 0 -5.1020 82.6778 0 -8.0797 82.9920 0 -7.3532 82.9920 0 -5.1020
4 72 82.2500 0 -3.4960 82.2500 0 -5.1020 82.9920 0 -5.1020 82.9920 0 -3.4962
4 72 82.6778 0 -8.0797 82.6778 0 -11.2253 83.0872 0 -11.2253 83.0872 0 -7.1330
4 16 82.9920 0 -5.1020 82.9920 0 -7.3532 83.0872 0 -7.1330 83.0872 0 -5.1020
4 16 82.5812 0 -11.2253 82.5812 0 -17.5000 83.3307 0 -17.5000 83.3307 0 -11.2253
4 72 83.0872 0 -7.1330 83.0872 0 -11.2253 83.3307 0 -11.2253 83.3307 0 -6.5712
4 72 82.9920 0 -3.4962 82.9920 0 -5.1020 83.3375 0 -5.1020 83.3375 0 -3.4963
4 16 82.2188 0 2.5000 82.2188 0 -3.4960 83.3375 0 -3.4963 83.3375 0 2.5000
4 16 83.0872 0 -5.1020 83.0872 0 -7.1330 83.3800 0 -6.4575 83.3800 0 -5.1020
4 72 83.3375 0 -3.4963 83.3375 0 -5.1020 83.3800 0 -5.1020 83.3800 0 -3.4963
4 72 83.3307 0 -6.5712 83.3307 0 -11.2253 83.4565 0 -11.2253 83.4565 0 -6.2810
4 16 83.3800 0 -5.1020 83.3800 0 -6.4575 83.4565 0 -6.2810 83.4565 0 -5.2138
4 72 83.4565 0 -6.2810 83.4565 0 -11.2253 83.7400 0 -11.2254 83.7400 0 -5.6283
3 16 83.4565 0 -5.2138 83.4565 0 -6.2810 83.7400 0 -5.6283
4 72 83.3800 0 -3.4963 83.3800 0 -5.1020 83.7400 0 -5.6283 83.7400 0 -3.4963
4 16 83.3307 0 -11.2253 83.3307 0 -17.5000 84.0030 0 -17.5000 84.0030 0 -11.2255
4 72 83.7400 0 -3.4963 83.7400 0 -11.2254 84.0030 0 -11.2255 84.0030 0 -3.4964
4 72 84.0030 0 -3.4964 84.0030 0 -11.2255 84.4617 0 -10.9048 84.4617 0 -3.4965
4 16 83.3375 0 2.5000 83.3375 0 -3.4963 84.4617 0 -3.4965 84.4617 0 2.5000
4 16 84.0030 0 -11.2255 84.0030 0 -17.5000 84.4758 0 -17.5000 84.4758 0 -10.8950
4 72 84.4617 0 -3.4965 84.4617 0 -10.9048 84.4758 0 -10.8950 84.4758 0 -3.4965
4 16 84.4758 0 -10.8950 84.4758 0 -17.5000 84.6120 0 -17.5000 84.6120 0 -10.5787
4 72 84.4758 0 -3.4965 84.4758 0 -10.8950 84.6120 0 -10.5787 84.6120 0 -3.4965
4 16 84.6120 0 -10.5787 84.6120 0 -17.5000 84.8838 0 -17.5000 84.8838 0 -9.9492
4 72 84.6120 0 -3.4965 84.6120 0 -10.5787 84.8838 0 -9.9492 84.8838 0 -3.4966
4 16 84.8838 0 -9.9492 84.8838 0 -17.5000 85.2463 0 -17.5000 85.2463 0 -9.1103
4 72 84.8838 0 -3.4966 84.8838 0 -9.9492 85.2463 0 -9.1103 85.2463 0 -3.4967
4 72 85.2463 0 -3.4967 85.2463 0 -9.1103 85.5902 0 -8.3125 85.5902 0 -3.4967
4 16 84.4617 0 2.5000 84.4617 0 -3.4965 85.5902 0 -3.4967 85.5902 0 2.5000
4 16 85.2463 0 -9.1103 85.2463 0 -17.5000 85.6538 0 -17.5000 85.6538 0 -8.1653
4 72 85.5902 0 -3.4967 85.5902 0 -8.3125 85.6538 0 -8.1653 85.6538 0 -3.4968
4 16 85.6538 0 -8.1653 85.6538 0 -17.5000 86.0618 0 -17.5000 86.0618 0 -7.2175
4 72 85.6538 0 -3.4968 85.6538 0 -8.1653 86.0618 0 -7.2175 86.0618 0 -3.4970
4 16 86.0618 0 -7.2175 86.0618 0 -17.5000 86.4250 0 -17.5000 86.4250 0 -6.3705
4 72 86.0618 0 -3.4970 86.0618 0 -7.2175 86.4250 0 -6.3705 86.4250 0 -3.4971
4 16 86.4250 0 -6.3705 86.4250 0 -17.5000 86.6983 0 -17.5000 86.6983 0 -5.7280
4 72 86.4250 0 -3.4971 86.4250 0 -6.3705 86.6983 0 -5.7280 86.6983 0 -3.4972
4 72 86.6983 0 -3.4972 86.6983 0 -5.7280 86.7225 0 -5.7011 86.7225 0 -3.4973
4 16 85.5902 0 2.5000 85.5902 0 -3.4967 86.7225 0 -3.4973 86.7225 0 2.5000
4 16 86.6983 0 -5.7280 86.6983 0 -17.5000 87.1405 0 -17.5000 87.1405 0 -5.2375
4 72 86.7225 0 -3.4973 86.7225 0 -5.7011 87.1405 0 -5.2375 87.1405 0 -3.4973
4 16 87.1405 0 -5.2375 87.1405 0 -17.5000 87.6437 0 -17.5000 87.6437 0 -5.1020
4 72 87.1405 0 -3.4973 87.1405 0 -5.2375 87.6437 0 -5.1020 87.6437 0 -3.4975
4 72 87.6437 0 -3.4975 87.6437 0 -5.1020 87.8570 0 -5.1020 87.8570 0 -3.4975
4 16 86.7225 0 2.5000 86.7225 0 -3.4973 87.8570 0 -3.4975 87.8570 0 2.5000
4 16 87.6437 0 -5.1020 87.6437 0 -17.5000 88.2498 0 -17.5000 88.2498 0 -5.1020
4 72 87.8570 0 -3.4975 87.8570 0 -5.1020 88.2498 0 -5.1020 88.2498 0 -3.4976
4 72 88.2498 0 -3.4976 88.2498 0 -5.1020 88.9930 0 -5.1020 88.9930 0 -3.4978
4 16 87.8570 0 2.5000 87.8570 0 -3.4975 88.9930 0 -3.4978 88.9930 0 2.5000
4 16 88.2498 0 -5.1020 88.2498 0 -17.5000 89.0860 0 -17.5000 89.0860 0 -5.1020
4 72 88.9930 0 -3.4978 88.9930 0 -5.1020 89.0860 0 -5.1020 89.0860 0 -3.4978
4 72 89.0860 0 -3.4978 89.0860 0 -5.1020 90.1292 0 -5.1020 90.1292 0 -3.4980
4 16 88.9930 0 2.5000 88.9930 0 -3.4978 90.1292 0 -3.4980 90.1292 0 2.5000
4 16 89.0860 0 -5.1020 89.0860 0 -17.5000 90.1435 0 -17.5000 90.1435 0 -5.1020
4 72 90.1292 0 -3.4980 90.1292 0 -5.1020 90.1435 0 -5.1020 90.1435 0 -3.4980
4 16 90.1435 0 -5.1020 90.1435 0 -17.5000 91.2245 0 -17.5000 91.2245 0 -5.1020
4 72 90.1435 0 -3.4980 90.1435 0 -5.1020 91.2245 0 -5.1020 91.2245 0 -3.4982
4 72 91.2245 0 -3.4982 91.2245 0 -5.1020 91.2648 0 -5.1020 91.2648 0 -3.4982
4 16 90.1292 0 2.5000 90.1292 0 -3.4980 91.2648 0 -3.4982 91.2648 0 2.5000
4 16 91.2245 0 -5.1020 91.2245 0 -17.5000 91.7870 0 -17.5000 91.7870 0 -5.1020
4 72 91.2648 0 -3.4982 91.2648 0 -5.1020 91.7870 0 -5.1020 91.7870 0 -3.4984
4 16 91.7870 0 -5.1020 91.7870 0 -17.5000 92.2182 0 -17.5000 92.2182 0 -5.1020
4 72 91.7870 0 -3.4984 91.7870 0 -5.1020 92.2182 0 -5.1020 92.2182 0 -3.4985
4 72 92.2182 0 -3.4985 92.2182 0 -5.1020 92.3988 0 -5.1020 92.3988 0 -3.4985
4 16 91.2648 0 2.5000 91.2648 0 -3.4982 92.3988 0 -3.4985 92.3988 0 2.5000
4 16 92.2182 0 -5.1020 92.2182 0 -17.5000 92.9065 0 -17.5000 92.9065 0 -5.1020
4 72 92.3988 0 -3.4985 92.3988 0 -5.1020 92.9065 0 -5.1020 92.9065 0 -3.4986
4 72 92.9065 0 -3.4986 92.9065 0 -5.1020 93.5298 0 -5.1020 93.5298 0 -3.4988
4 16 92.3988 0 2.5000 92.3988 0 -3.4985 93.5298 0 -3.4988 93.5298 0 2.5000
4 16 92.9065 0 -5.1020 92.9065 0 -17.5000 94.2495 0 -17.5000 94.2495 0 -5.1020
4 72 93.5298 0 -3.4988 93.5298 0 -5.1020 94.2495 0 -5.1020 94.2495 0 -3.4991
4 16 94.2495 0 -5.1020 94.2495 0 -17.5000 94.6170 0 -17.5000 94.6170 0 -5.1020
4 72 94.2495 0 -3.4991 94.2495 0 -5.1020 94.6568 0 -5.1020 94.6568 0 -3.4993
4 16 93.5298 0 2.5000 93.5298 0 -3.4988 94.6568 0 -3.4993 94.6568 0 2.5000
3 72 94.6170 0 -10.7135 94.7325 0 -10.8779 94.7325 0 -10.4378
4 16 94.6170 0 -5.1020 94.6170 0 -10.7135 94.7325 0 -10.4378 94.7325 0 -5.1020
4 16 94.6170 0 -10.7135 94.6170 0 -17.5000 94.9767 0 -17.5000 94.9767 0 -11.2255
4 72 94.7325 0 -10.4378 94.7325 0 -10.8779 94.9767 0 -11.2255 94.9767 0 -9.8679
4 72 94.9767 0 -9.8679 94.9767 0 -11.2255 94.9900 0 -11.2255 94.9900 0 -9.8370
4 16 94.7325 0 -5.1020 94.7325 0 -10.4378 94.9900 0 -9.8370 94.9900 0 -5.1020
4 16 94.9900 0 -5.1020 94.9900 0 -9.8370 95.3135 0 -9.0862 95.3135 0 -5.1020
4 72 94.6568 0 -3.4993 94.6568 0 -5.1020 95.3135 0 -5.1020 95.3135 0 -3.4994
4 72 94.9900 0 -9.8370 94.9900 0 -11.2255 95.3438 0 -11.2254 95.3438 0 -9.0160
4 16 95.3135 0 -5.1020 95.3135 0 -9.0862 95.3438 0 -9.0160 95.3438 0 -5.1020
4 16 94.9767 0 -11.2255 94.9767 0 -17.5000 95.6502 0 -17.5000 95.6502 0 -11.2253
4 72 95.3438 0 -9.0160 95.3438 0 -11.2254 95.6502 0 -11.2253 95.6502 0 -8.3066
4 72 95.6502 0 -8.3066 95.6502 0 -11.2253 95.7482 0 -11.2253 95.7482 0 -8.0797
4 16 95.3438 0 -5.1020 95.3438 0 -9.0160 95.7482 0 -8.0797 95.7482 0 -5.1020
4 72 95.3135 0 -3.4994 95.3135 0 -5.1020 95.7790 0 -5.1020 95.7790 0 -3.4995
4 16 94.6568 0 2.5000 94.6568 0 -3.4993 95.7790 0 -3.4995 95.7790 0 2.5000
4 16 95.7482 0 -5.1020 95.7482 0 -8.0797 96.0595 0 -7.3610 96.0595 0 -5.1020
4 72 95.7790 0 -3.4995 95.7790 0 -5.1020 96.0595 0 -5.1020 96.0595 0 -3.4996
4 72 95.7482 0 -8.0797 95.7482 0 -11.2253 96.1582 0 -11.2253 96.1582 0 -7.1330
4 16 96.0595 0 -5.1020 96.0595 0 -7.3610 96.1582 0 -7.1330 96.1582 0 -5.1020
4 16 95.6502 0 -11.2253 95.6502 0 -17.5000 96.4013 0 -17.5000 96.4013 0 -11.2253
4 72 96.1582 0 -7.1330 96.1582 0 -11.2253 96.4013 0 -11.2253 96.4013 0 -6.5727
4 16 96.1582 0 -5.1020 96.1582 0 -7.1330 96.4485 0 -6.4637 96.4485 0 -5.1020
4 72 96.0595 0 -3.4996 96.0595 0 -5.1020 96.4485 0 -5.1020 96.4485 0 -3.4996
4 72 96.4013 0 -6.5727 96.4013 0 -11.2253 96.5277 0 -11.2253 96.5277 0 -6.2810
4 16 96.4485 0 -5.1020 96.4485 0 -6.4637 96.5277 0 -6.2810 96.5277 0 -5.2170
4 72 96.5277 0 -6.2810 96.5277 0 -11.2253 96.8113 0 -11.2254 96.8113 0 -5.6283
3 16 96.5277 0 -5.2170 96.5277 0 -6.2810 96.8113 0 -5.6283
4 72 96.4485 0 -3.4996 96.4485 0 -5.1020 96.8113 0 -5.6283 96.8113 0 -3.4997
4 72 96.8113 0 -3.4997 96.8113 0 -11.2254 96.8953 0 -11.2254 96.8953 0 -3.4997
4 16 95.7790 0 2.5000 95.7790 0 -3.4995 96.8953 0 -3.4997 96.8953 0 2.5000
4 16 96.4013 0 -11.2253 96.4013 0 -17.5000 97.0745 0 -17.5000 97.0745 0 -11.2255
4 72 96.8953 0 -3.4997 96.8953 0 -11.2254 97.0745 0 -11.2255 97.0745 0 -3.4998
4 16 97.0745 0 -11.2255 97.0745 0 -17.5000 97.5330 0 -17.5000 97.5330 0 -10.8950
4 72 97.0745 0 -3.4998 97.0745 0 -11.2255 97.5330 0 -10.8950 97.5330 0 -3.4999
4 16 97.5330 0 -10.8950 97.5330 0 -17.5000 97.6737 0 -17.5000 97.6737 0 -10.5780
4 72 97.5330 0 -3.4999 97.5330 0 -10.8950 97.6737 0 -10.5780 97.6737 0 -3.4999
4 16 97.6737 0 -10.5780 97.6737 0 -17.5000 97.9475 0 -17.5000 97.9475 0 -9.9465
4 72 97.6737 0 -3.4999 97.6737 0 -10.5780 97.9475 0 -9.9465 97.9475 0 -3.5000
4 72 97.9475 0 -3.5000 97.9475 0 -9.9465 98.0048 0 -9.8138 98.0048 0 -3.5000
4 16 96.8953 0 2.5000 96.8953 0 -3.4997 98.0048 0 -3.5000 98.0048 0 2.5000
4 16 97.9475 0 -9.9465 97.9475 0 -17.5000 98.3107 0 -17.5000 98.3107 0 -9.1048
4 72 98.0048 0 -3.5000 98.0048 0 -9.8138 98.3107 0 -9.1048 98.3107 0 -3.5001
4 16 98.3107 0 -9.1048 98.3107 0 -17.5000 98.7198 0 -17.5000 98.7198 0 -8.1565
4 72 98.3107 0 -3.5001 98.3107 0 -9.1048 98.7198 0 -8.1565 98.7198 0 -3.5002
4 72 98.7198 0 -3.5002 98.7198 0 -8.1565 99.1060 0 -7.2627 99.1060 0 -3.5003
4 16 98.0048 0 2.5000 98.0048 0 -3.5000 99.1060 0 -3.5003 99.1060 0 2.5000
4 16 98.7198 0 -8.1565 98.7198 0 -17.5000 99.1305 0 -17.5000 99.1305 0 -7.2060
4 72 99.1060 0 -3.5003 99.1060 0 -7.2627 99.1305 0 -7.2060 99.1305 0 -3.5003
4 16 99.1305 0 -7.2060 99.1305 0 -17.5000 99.5000 0 -17.5000 99.5000 0 -6.3573
4 72 99.1305 0 -3.5003 99.1305 0 -7.2060 99.5000 0 -6.3573 99.5000 0 -3.5003
4 16 99.5000 0 -6.3573 99.5000 0 -17.5000 99.7840 0 -17.5000 99.7840 0 -5.7140
4 72 99.5000 0 -3.5003 99.5000 0 -6.3573 99.7840 0 -5.7140 99.7840 0 -3.5004
4 16 99.7840 0 -5.7140 99.7840 0 -17.5000 100.1875 0 -17.5000 100.1875 0 -5.2467
4 72 99.7840 0 -3.5004 99.7840 0 -5.7140 100.1875 0 -5.2467 100.1875 0 -3.5005
4 72 100.1875 0 -3.5005 100.1875 0 -5.2467 100.1983 0 -5.2435 100.1983 0 -3.5005
4 16 99.1060 0 2.5000 99.1060 0 -3.5003 100.1983 0 -3.5005 100.1983 0 2.5000
4 16 100.1875 0 -5.2467 100.1875 0 -17.5000 100.6730 0 -17.5000 100.6730 0 -5.1020
4 72 100.1983 0 -3.5005 100.1983 0 -5.2435 100.6730 0 -5.1020 100.6730 0 -3.5006
4 16 100.6730 0 -5.1020 100.6730 0 -17.5000 101.1980 0 -17.5000 101.1980 0 -5.1020
4 72 100.6730 0 -3.5006 100.6730 0 -5.1020 101.1980 0 -5.1020 101.1980 0 -3.5007
4 72 101.1980 0 -3.5007 101.1980 0 -5.1020 101.2805 0 -5.1020 101.2805 0 -3.5007
4 16 100.1983 0 2.5000 100.1983 0 -3.5005 101.2805 0 -3.5007 101.2805 0 2.5000
4 16 101.1980 0 -5.1020 101.1980 0 -17.5000 101.8702 0 -17.5000 101.8702 0 -5.1020
4 72 101.2805 0 -3.5007 101.2805 0 -5.1020 101.8702 0 -5.1020 101.8702 0 -3.5009
4 72 101.8702 0 -3.5009 101.8702 0 -5.1020 102.3515 0 -5.1020 102.3515 0 -3.5010
4 16 101.2805 0 2.5000 101.2805 0 -3.5007 102.3515 0 -3.5010 102.3515 0 2.5000
4 16 101.8702 0 -5.1020 101.8702 0 -17.5000 102.8380 0 -17.5000 102.8380 0 -5.1020
4 72 102.3515 0 -3.5010 102.3515 0 -5.1020 102.8380 0 -5.1020 102.8380 0 -3.5011
4 16 102.8380 0 -5.1020 102.8380 0 -17.5000 103.3275 0 -17.5000 103.3275 0 -5.1020
4 72 102.8380 0 -3.5011 102.8380 0 -5.1020 103.3275 0 -5.1020 103.3275 0 -3.5012
4 72 103.3275 0 -3.5012 103.3275 0 -5.1020 103.4103 0 -5.1020 103.4103 0 -3.5012
4 16 102.3515 0 2.5000 102.3515 0 -3.5010 103.4103 0 -3.5012 103.4103 0 2.5000
4 16 103.3275 0 -5.1020 103.3275 0 -17.5000 103.9128 0 -17.5000 103.9128 0 -5.1020
4 72 103.4103 0 -3.5012 103.4103 0 -5.1020 103.9128 0 -5.1020 103.9128 0 -3.5015
4 72 103.9128 0 -3.5015 103.9128 0 -5.1020 104.4557 0 -5.1020 104.4557 0 -3.5018
4 16 103.4103 0 2.5000 103.4103 0 -3.5012 104.4557 0 -3.5018 104.4557 0 2.5000
4 16 103.9128 0 -5.1020 103.9128 0 -17.5000 104.5845 0 -17.5000 104.5845 0 -5.1020
4 72 104.4557 0 -3.5018 104.4557 0 -5.1020 104.5845 0 -5.1020 104.5845 0 -3.5018
4 16 104.5845 0 -5.1020 104.5845 0 -17.5000 105.3345 0 -17.5000 105.3345 0 -5.1020
4 72 104.5845 0 -3.5018 104.5845 0 -5.1020 105.3345 0 -5.1020 105.3345 0 -3.5020
4 72 105.3345 0 -3.5020 105.3345 0 -5.1020 105.4873 0 -5.1020 105.4873 0 -3.5020
4 16 104.4557 0 2.5000 104.4557 0 -3.5018 105.4873 0 -3.5020 105.4873 0 2.5000
4 16 105.3345 0 -5.1020 105.3345 0 -17.5000 106.0265 0 -17.5000 106.0265 0 -5.1020
4 16 106.0265 0 -5.1020 106.0265 0 -9.6725 106.1538 0 -9.0897 106.1538 0 -5.1020
4 72 105.4873 0 -3.5020 105.4873 0 -5.1020 106.1538 0 -5.1020 106.1538 0 -3.5022
3 72 106.0265 0 -9.6725 106.2698 0 -10.3911 106.2698 0 -8.5585
4 16 106.1538 0 -5.1020 106.1538 0 -9.0897 106.2698 0 -8.5585 106.2698 0 -5.1020
4 16 106.0265 0 -9.6725 106.0265 0 -17.5000 106.3105 0 -17.5000 106.3105 0 -10.5115
4 72 106.2698 0 -8.5585 106.2698 0 -10.3911 106.3105 0 -10.5115 106.3105 0 -8.4670
4 72 106.1538 0 -3.5022 106.1538 0 -5.1020 106.5032 0 -5.1020 106.5032 0 -3.5022
4 16 105.4873 0 2.5000 105.4873 0 -3.5020 106.5032 0 -3.5022 106.5032 0 2.5000
4 72 106.3105 0 -8.4670 106.3105 0 -10.5115 106.5300 0 -10.6686 106.5300 0 -7.9742
4 16 106.2698 0 -5.1020 106.2698 0 -8.5585 106.5300 0 -7.9742 106.5300 0 -5.1020
4 72 106.5300 0 -7.9742 106.5300 0 -10.6686 106.7745 0 -10.8435 106.7745 0 -7.4230
4 16 106.5300 0 -5.1020 106.5300 0 -7.9742 106.7745 0 -7.4230 106.7745 0 -5.1020
4 16 106.7745 0 -5.1020 106.7745 0 -7.4230 107.0335 0 -6.8373 107.0335 0 -5.1020
4 72 106.5032 0 -3.5022 106.5032 0 -5.1020 107.0335 0 -5.1020 107.0335 0 -3.5024
4 72 106.7745 0 -7.4230 106.7745 0 -10.8435 107.0337 0 -11.0291 107.0337 0 -6.8368
4 16 107.0335 0 -5.1020 107.0335 0 -6.8373 107.0337 0 -6.8368 107.0337 0 -5.1020
4 16 106.3105 0 -10.5115 106.3105 0 -17.5000 107.0498 0 -17.5000 107.0498 0 -11.0405
4 72 107.0337 0 -6.8368 107.0337 0 -11.0291 107.0498 0 -11.0405 107.0498 0 -6.8250
4 72 107.0335 0 -3.5024 107.0335 0 -5.1020 107.5027 0 -5.1020 107.5027 0 -3.5025
4 16 106.5032 0 2.5000 106.5032 0 -3.5022 107.5027 0 -3.5025 107.5027 0 2.5000
4 72 107.0498 0 -6.8250 107.0498 0 -11.0405 107.5075 0 -11.1155 107.5075 0 -6.4890
4 16 107.0337 0 -5.1020 107.0337 0 -6.8368 107.5075 0 -6.4890 107.5075 0 -5.1020
4 16 107.5075 0 -5.1020 107.5075 0 -6.4890 107.9652 0 -6.4890 107.9652 0 -5.1020
4 72 107.5027 0 -3.5025 107.5027 0 -5.1020 107.9652 0 -5.1020 107.9652 0 -3.5025
4 16 107.0498 0 -11.0405 107.0498 0 -17.5000 108.1728 0 -17.5000 108.1728 0 -11.2245
4 72 107.5075 0 -6.4890 107.5075 0 -11.1155 108.1728 0 -11.2245 108.1728 0 -6.4890
4 72 107.9652 0 -3.5025 107.9652 0 -5.1020 108.4850 0 -5.1020 108.4850 0 -3.5025
4 16 107.5027 0 2.5000 107.5027 0 -3.5025 108.4850 0 -3.5025 108.4850 0 2.5000
4 16 107.9652 0 -5.1020 107.9652 0 -6.4890 108.9400 0 -6.4889 108.9400 0 -5.1020
4 72 108.4850 0 -3.5025 108.4850 0 -5.1020 108.9400 0 -5.1020 108.9400 0 -3.5026
4 72 108.1728 0 -6.4890 108.1728 0 -11.2245 109.2250 0 -11.2246 109.2250 0 -6.4889
3 16 109.2250 0 -9.3310 109.2705 0 -9.3572 109.2705 0 -8.7005
4 72 109.2250 0 -6.4889 109.2250 0 -9.3310 109.2705 0 -8.7005 109.2705 0 -6.4889
4 16 109.2705 0 -8.7005 109.2705 0 -9.3572 109.4238 0 -9.4453 109.4238 0 -8.3377
4 72 109.2705 0 -6.4889 109.2705 0 -8.7005 109.4238 0 -8.3377 109.4238 0 -6.4889
4 72 108.9400 0 -3.5026 108.9400 0 -5.1020 109.4487 0 -5.1020 109.4487 0 -3.5027
4 16 108.4850 0 2.5000 108.4850 0 -3.5025 109.4487 0 -3.5027 109.4487 0 2.5000
4 16 109.4238 0 -8.3377 109.4238 0 -9.4453 109.5913 0 -9.5416 109.5913 0 -8.1563
4 72 109.4238 0 -6.4889 109.4238 0 -8.3377 109.5913 0 -8.1563 109.5913 0 -6.4889
4 72 109.2250 0 -9.3310 109.2250 0 -11.2246 109.7432 0 -11.2246 109.7432 0 -9.6290
4 16 109.5913 0 -8.1563 109.5913 0 -9.5416 109.7432 0 -9.6290 109.7432 0 -8.1104
4 16 109.7432 0 -8.1104 109.7432 0 -9.6290 109.7685 0 -9.6290 109.7685 0 -8.1028
4 72 109.5913 0 -6.4889 109.5913 0 -8.1563 109.7685 0 -8.1028 109.7685 0 -6.4889
4 16 108.9400 0 -5.1020 108.9400 0 -6.4889 109.9493 0 -6.4888 109.9493 0 -5.1020
4 72 109.4487 0 -3.5027 109.4487 0 -5.1020 109.9493 0 -5.1020 109.9493 0 -3.5029
4 72 109.9493 0 -3.5029 109.9493 0 -5.1020 110.3930 0 -5.1020 110.3930 0 -3.5030
4 16 109.4487 0 2.5000 109.4487 0 -3.5027 110.3930 0 -3.5030 110.3930 0 2.5000
4 16 109.9493 0 -5.1020 109.9493 0 -6.4888 110.9843 0 -6.4888 110.9843 0 -5.1020
4 72 110.3930 0 -3.5030 110.3930 0 -5.1020 110.9843 0 -5.1020 110.9843 0 -3.5032
4 72 110.9843 0 -3.5032 110.9843 0 -5.1020 111.3170 0 -5.1020 111.3170 0 -3.5033
4 16 110.3930 0 2.5000 110.3930 0 -3.5030 111.3170 0 -3.5033 111.3170 0 2.5000
4 16 110.9843 0 -5.1020 110.9843 0 -6.4888 112.0360 0 -6.4887 112.0360 0 -5.1020
4 72 111.3170 0 -3.5033 111.3170 0 -5.1020 112.0360 0 -5.1020 112.0360 0 -3.5034
4 72 112.0360 0 -3.5034 112.0360 0 -5.1020 112.2190 0 -5.1020 112.2190 0 -3.5035
4 16 111.3170 0 2.5000 111.3170 0 -3.5033 112.2190 0 -3.5035 112.2190 0 2.5000
4 16 112.0360 0 -5.1020 112.0360 0 -6.4887 113.0962 0 -6.4887 113.0962 0 -5.1020
4 72 112.2190 0 -3.5035 112.2190 0 -5.1020 113.0962 0 -5.1020 113.0962 0 -3.5037
4 72 113.0962 0 -3.5037 113.0962 0 -5.1020 113.0987 0 -5.1020 113.0987 0 -3.5037
4 16 112.2190 0 2.5000 112.2190 0 -3.5035 113.0987 0 -3.5037 113.0987 0 2.5000
4 72 113.0987 0 -3.5037 113.0987 0 -5.1020 113.9547 0 -5.1020 113.9547 0 -3.5040
4 16 113.0987 0 2.5000 113.0987 0 -3.5037 113.9547 0 -3.5040 113.9547 0 2.5000
4 16 113.0962 0 -5.1020 113.0962 0 -6.4887 114.1558 0 -6.4886 114.1558 0 -5.1020
4 72 113.9547 0 -3.5040 113.9547 0 -5.1020 114.1558 0 -5.1020 114.1558 0 -3.5040
4 72 114.1558 0 -3.5040 114.1558 0 -5.1020 114.7858 0 -5.1020 114.7858 0 -3.5040
4 16 113.9547 0 2.5000 113.9547 0 -3.5040 114.7858 0 -3.5040 114.7858 0 2.5000
4 16 114.1558 0 -5.1020 114.1558 0 -6.4886 115.2060 0 -6.4885 115.2060 0 -5.1020
4 72 114.7858 0 -3.5040 114.7858 0 -5.1020 115.2060 0 -5.1020 115.2060 0 -3.5041
4 72 115.2060 0 -3.5041 115.2060 0 -5.1020 115.5913 0 -5.1020 115.5913 0 -3.5042
4 16 114.7858 0 2.5000 114.7858 0 -3.5040 115.5913 0 -3.5042 115.5913 0 2.5000
4 16 115.2060 0 -5.1020 115.2060 0 -6.4885 116.2382 0 -6.4885 116.2382 0 -5.1020
4 72 115.5913 0 -3.5042 115.5913 0 -5.1020 116.2382 0 -5.1020 116.2382 0 -3.5045
4 72 116.2382 0 -3.5045 116.2382 0 -5.1020 116.3700 0 -5.1020 116.3700 0 -3.5045
4 16 115.5913 0 2.5000 115.5913 0 -3.5042 116.3700 0 -3.5045 116.3700 0 2.5000
4 72 116.3700 0 -3.5045 116.3700 0 -5.1020 117.1210 0 -5.1020 117.1210 0 -3.5045
4 16 116.3700 0 2.5000 116.3700 0 -3.5045 117.1210 0 -3.5045 117.1210 0 2.5000
4 16 116.2382 0 -5.1020 116.2382 0 -6.4885 117.2438 0 -6.4884 117.2438 0 -5.1020
4 72 117.1210 0 -3.5045 117.1210 0 -5.1020 117.2438 0 -5.1020 117.2438 0 -3.5045
4 72 117.2438 0 -3.5045 117.2438 0 -5.1020 117.8430 0 -5.1020 117.8430 0 -3.5048
4 16 117.1210 0 2.5000 117.1210 0 -3.5045 117.8430 0 -3.5048 117.8430 0 2.5000
4 16 117.2438 0 -5.1020 117.2438 0 -6.4884 118.2140 0 -6.4883 118.2140 0 -5.1020
4 72 117.8430 0 -3.5048 117.8430 0 -5.1020 118.2140 0 -5.1020 118.2140 0 -3.5048
4 72 118.2140 0 -3.5048 118.2140 0 -5.1020 118.5350 0 -5.1020 118.5350 0 -3.5048
4 16 117.8430 0 2.5000 117.8430 0 -3.5048 118.5350 0 -3.5048 118.5350 0 2.5000
4 16 118.2140 0 -5.1020 118.2140 0 -6.4883 119.1397 0 -6.4883 119.1397 0 -5.1020
4 72 118.5350 0 -3.5048 118.5350 0 -5.1020 119.1397 0 -5.1020 119.1397 0 -3.5050
4 72 119.1397 0 -3.5050 119.1397 0 -5.1020 119.1962 0 -5.1020 119.1962 0 -3.5050
4 16 118.5350 0 2.5000 118.5350 0 -3.5048 119.1962 0 -3.5050 119.1962 0 2.5000
4 72 119.1962 0 -3.5050 119.1962 0 -5.1020 119.8253 0 -5.1020 119.8253 0 -3.5050
4 16 119.1962 0 2.5000 119.1962 0 -3.5050 119.8253 0 -3.5050 119.8253 0 2.5000
4 16 119.1397 0 -5.1020 119.1397 0 -6.4883 120.0128 0 -6.4882 120.0128 0 -5.1020
4 72 119.8253 0 -3.5050 119.8253 0 -5.1020 120.0128 0 -5.1020 120.0128 0 -3.5051
4 72 120.0128 0 -3.5051 120.0128 0 -5.1020 120.4215 0 -5.1020 120.4215 0 -3.5052
4 16 119.8253 0 2.5000 119.8253 0 -3.5050 120.4215 0 -3.5052 120.4215 0 2.5000
4 16 120.0128 0 -5.1020 120.0128 0 -6.4882 120.8243 0 -6.4882 120.8243 0 -5.1020
4 72 120.4215 0 -3.5052 120.4215 0 -5.1020 120.8243 0 -5.1020 120.8243 0 -3.5052
4 72 120.8243 0 -3.5052 120.8243 0 -5.1020 120.9835 0 -5.1020 120.9835 0 -3.5052
4 16 120.4215 0 2.5000 120.4215 0 -3.5052 120.9835 0 -3.5052 120.9835 0 2.5000
4 72 120.9835 0 -3.5052 120.9835 0 -5.1020 121.5103 0 -5.1020 121.5103 0 -3.5052
4 16 120.9835 0 2.5000 120.9835 0 -3.5052 121.5103 0 -3.5052 121.5103 0 2.5000
4 16 120.8243 0 -5.1020 120.8243 0 -6.4882 121.5652 0 -6.4881 121.5652 0 -5.1020
4 72 121.5103 0 -3.5052 121.5103 0 -5.1020 121.5652 0 -5.1020 121.5652 0 -3.5052
4 16 108.1728 0 -11.2245 108.1728 0 -17.5000 121.8270 0 -17.5000 121.8270 0 -11.2255
4 72 109.7432 0 -9.6290 109.7432 0 -11.2246 121.8270 0 -11.2255 121.8270 0 -9.6280
4 72 121.5652 0 -3.5052 121.5652 0 -5.1020 122.0010 0 -5.1020 122.0010 0 -3.5052
4 16 121.5103 0 2.5000 121.5103 0 -3.5052 122.0010 0 -3.5052 122.0010 0 2.5000
4 16 121.5652 0 -5.1020 121.5652 0 -6.4881 122.2270 0 -6.4881 122.2270 0 -5.1020
4 72 122.0010 0 -3.5052 122.0010 0 -5.1020 122.2270 0 -5.1020 122.2270 0 -3.5054
4 72 121.8270 0 -9.6280 121.8270 0 -11.2255 122.2432 0 -10.9256 122.2432 0 -9.6280
4 16 109.7685 0 -8.1028 109.7685 0 -9.6290 122.2432 0 -9.6280 122.2432 0 -8.1028
4 16 121.8270 0 -11.2255 121.8270 0 -17.5000 122.2858 0 -17.5000 122.2858 0 -10.8950
4 72 122.2432 0 -9.6280 122.2432 0 -10.9256 122.2858 0 -10.8950 122.2858 0 -9.6903
4 72 122.2270 0 -3.5054 122.2270 0 -5.1020 122.4545 0 -5.1020 122.4545 0 -3.5055
4 16 122.0010 0 2.5000 122.0010 0 -3.5052 122.4545 0 -3.5055 122.4545 0 2.5000
3 72 122.2858 0 -9.6903 122.2858 0 -10.8950 122.6053 0 -10.1583
4 16 122.2432 0 -8.1028 122.2432 0 -9.6280 122.6053 0 -10.1583 122.6053 0 -8.1028
4 16 122.2858 0 -10.8950 122.2858 0 -17.5000 122.6053 0 -17.5000 122.6053 0 -10.1583
4 16 122.2270 0 -5.1020 122.2270 0 -6.4881 122.8010 0 -6.4880 122.8010 0 -5.1020
4 72 122.4545 0 -3.5055 122.4545 0 -5.1020 122.8010 0 -5.1020 122.8010 0 -3.5055
4 72 122.8010 0 -3.5055 122.8010 0 -5.1020 122.8698 0 -5.1020 122.8698 0 -3.5055
4 16 122.4545 0 2.5000 122.4545 0 -3.5055 122.8698 0 -3.5055 122.8698 0 2.5000
4 16 122.6053 0 -8.1028 122.6053 0 -17.5000 123.1605 0 -17.5000 123.1605 0 -8.1028
4 72 109.7685 0 -6.4889 109.7685 0 -8.1028 123.1605 0 -8.1028 123.1605 0 -6.4880
4 72 122.8698 0 -3.5055 122.8698 0 -5.1020 123.2457 0 -5.1020 123.2457 0 -3.5055
4 16 122.8698 0 2.5000 122.8698 0 -3.5055 123.2457 0 -3.5055 123.2457 0 2.5000
4 72 123.1605 0 -6.4880 123.1605 0 -8.1028 123.5910 0 -7.7852 123.5910 0 -6.4880
4 16 122.8010 0 -5.1020 122.8010 0 -6.4880 123.5910 0 -6.4880 123.5910 0 -5.1020
4 16 123.1605 0 -8.1028 123.1605 0 -17.5000 123.6333 0 -17.5000 123.6333 0 -7.7540
4 72 123.5910 0 -6.4880 123.5910 0 -7.7852 123.6333 0 -7.7540 123.6333 0 -6.5516
4 16 123.5910 0 -5.1020 123.5910 0 -6.4880 123.8808 0 -6.9239 123.8808 0 -5.1020
4 72 123.2457 0 -3.5055 123.2457 0 -5.1020 123.8808 0 -5.1020 123.8808 0 -3.5052
3 72 123.6333 0 -6.5516 123.6333 0 -7.7540 123.9528 0 -7.0322
4 16 123.8808 0 -5.1020 123.8808 0 -6.9239 123.9528 0 -7.0322 123.9528 0 -5.1020
4 16 123.6333 0 -7.7540 123.6333 0 -17.5000 123.9528 0 -17.5000 123.9528 0 -7.0322
4 72 123.8808 0 -3.5052 123.8808 0 -5.1020 124.2438 0 -5.1020 124.2438 0 -3.5050
4 16 123.2457 0 2.5000 123.2457 0 -3.5055 124.2438 0 -3.5050 124.2438 0 2.5000
4 16 123.9528 0 -5.1020 123.9528 0 -17.5000 124.4805 0 -17.5000 124.4805 0 -5.1020
4 72 124.2438 0 -3.5050 124.2438 0 -5.1020 124.4805 0 -5.1020 124.4805 0 -3.5052
4 72 124.4805 0 -3.5052 124.4805 0 -5.1020 124.9098 0 -4.7755 124.9098 0 -3.5055
4 16 124.2438 0 2.5000 124.2438 0 -3.5050 124.9098 0 -3.5055 124.9098 0 2.5000
4 16 124.4805 0 -5.1020 124.4805 0 -17.5000 124.9390 0 -17.5000 124.9390 0 -4.7533
4 72 124.9098 0 -3.5055 124.9098 0 -4.7755 124.9390 0 -4.7533 124.9390 0 -3.5344
4 16 124.9390 0 -4.7533 124.9390 0 -17.5000 125.2585 0 -17.5000 125.2585 0 -4.0457
4 72 124.9390 0 -3.5344 124.9390 0 -4.7533 125.2585 0 -4.0457 125.2585 0 -3.8505
3 72 125.2585 0 -3.8505 125.2585 0 -4.0457 125.2868 0 -3.8785
4 16 124.9098 0 2.5000 124.9098 0 -3.5055 125.2868 0 -3.8785 125.2868 0 2.5000
4 16 125.2585 0 -4.0457 125.2585 0 -17.5000 125.2868 0 -17.5000 125.2868 0 -3.8785
4 16 125.2868 0 2.5000 125.2868 0 -17.5000 126.8750 0 -17.5000 126.8750 0 2.5000
