0 Sticker for Le Mans 2019 'PRO' logo - Flat - 20 LDU wide - 12 LDU tall
0 Name: sticker_lm2018_prow1.dat
0 Author: svg2ldraw
0 !LICENSE Redistributable under CCAL version 2.0 : see CAreadme.txt
0 BFC CERTIFY CCW
4 15 0.65 0 2.2431 0.3178 0 2.8939 -0.4213 0 3.0387 -1.4865 0 3.0387
4 15 0.65 0 2.2431 -1.4865 0 3.0387 -1.4865 0 0.674 -0.5735 0 0.674
4 15 0.65 0 2.2431 -0.5735 0 0.674 0.2309 0 0.8276 0.6309 0 1.4632
4 15 -4.9648 0 2.0221 -5.2909 0 2.8663 -5.8778 0 3.0203 -6.943 0 3.0387
4 15 -4.9648 0 2.0221 -6.943 0 3.0387 -6.943 0 0.5635 -5.9648 0 0.5819
4 15 -4.9648 0 2.0221 -5.9648 0 0.5819 -5.3996 0 0.7427 -5.024 0 1.3163
4 15 6.8926 0 -0.5487 6.883 0 0.1878 4.6004 0 -0.011 4.597 0 -0.8073
4 15 6.8926 0 -0.5487 4.597 0 -0.8073 4.6202 0 -1.6022 4.7184 0 -2.3757
4 15 6.8926 0 -0.5487 4.7184 0 -2.3757 5.1866 0 -3.0245 5.97 0 -3.1672
4 15 6.8926 0 -0.5487 5.97 0 -3.1672 6.5907 0 -2.7589 6.8334 0 -2.0221
3 15 6.8926 0 -0.5487 6.8334 0 -2.0221 6.8911 0 -1.2898
4 15 6.883 0 0.1878 6.8794 0 0.8182 6.8622 0 1.4475 6.8033 0 2.1326
4 15 6.883 0 0.1878 6.8033 0 2.1326 6.4445 0 2.9064 5.6874 0 3.2058
4 15 6.883 0 0.1878 5.6874 0 3.2058 5.2526 0 3.1072 4.6849 0 2.2873
4 15 6.883 0 0.1878 4.6849 0 2.2873 4.6185 0 1.6906 4.5898 0 0.8409
3 15 6.883 0 0.1878 4.5898 0 0.8409 4.6004 0 -0.011
4 2 2.5787 0 -4.2762 2.4056 0 -3.7901 0.6657 0 -1.9558 0.672 0 -2.7358
4 2 2.5787 0 -4.2762 0.672 0 -2.7358 0.7171 0 -3.5087 0.8396 0 -4.2762
4 2 2.4056 0 -3.7901 2.278 0 -3.0166 0.6193 0 -1.3432 0.6657 0 -1.9558
4 2 2.278 0 -3.0166 2.2392 0 -2.3655 0.3387 0 -0.8183 0.6193 0 -1.3432
4 2 2.2392 0 -2.3655 2.2309 0 -1.7127 2.1742 0 -0.7845 1.7554 0 -0.1305
4 2 2.2392 0 -2.3655 1.7554 0 -0.1305 1.0352 0 0.1436 0.3387 0 -0.8183
4 2 1.0352 0 0.1436 1.0352 0 0.1878 -0.2039 0 -0.6281 0.3387 0 -0.8183
3 2 1.0352 0 0.1878 -0.8435 0 -0.5803 -0.2039 0 -0.6281
3 2 1.0352 0 0.1878 -1.4865 0 -0.5856 -0.8435 0 -0.5803
4 2 2.1648 0 3.0387 1.7309 0 3.786 0.8041 0 4.2178 -0.2256 0 4.2983
4 2 2.1648 0 3.0387 -0.2256 0 4.2983 -3.0517 0 4.2983 -2.648 0 3.0387
3 2 0.3178 0 2.8939 0.2439 0 3.0387 -0.4213 0 3.0387
3 2 0.6696 0 3.0387 0.2439 0 3.0387 0.65 0 2.2431
3 2 1.6226 0 3.0387 0.6696 0 3.0387 0.6309 0 1.4632
4 2 2.298 0 1.8895 2.2371 0 2.9141 2.1648 0 3.0387 1.6226 0 3.0387
4 2 2.298 0 1.8895 1.6226 0 3.0387 0.2309 0 0.8276 2.1736 0 1.1987
4 2 2.1736 0 1.1987 -0.5735 0 0.674 1.8675 0 0.674 2.1587 0 1.116
4 2 1.8675 0 0.674 -1.4865 0 0.674 -1.4865 0 -0.5856 1.0352 0 0.1878
3 2 1.8675 0 0.674 1.0352 0 0.1878 1.7336 0 0.4708
3 2 -1.4865 0 -0.5856 -1.4865 0 3.0387 -2.648 0 3.0387
4 2 -1.4865 0 -4.2762 -1.4865 0 -0.5856 -3.0517 0 4.2983 -3.0517 0 -4.2762
4 2 -3.5045 0 2.9795 -3.7017 0 3.4543 -4.117 0 3.9353 -4.929 0 4.2625
4 2 -3.5045 0 2.9795 -4.929 0 4.2625 -5.8126 0 4.2983 -8.5083 0 4.2983
3 2 -3.5045 0 2.9795 -8.5083 0 4.2983 -8.1198 0 3.0589
3 2 -5.2909 0 2.8663 -5.3468 0 3.0112 -5.8778 0 3.0203
3 2 -4.8825 0 3.0032 -5.3468 0 3.0112 -4.9648 0 2.0221
3 2 -3.9303 0 2.9868 -4.8825 0 3.0032 -5.024 0 1.3163
4 2 -3.322 0 1.7521 -3.4556 0 2.8619 -3.5045 0 2.9795 -3.9303 0 2.9868
4 2 -3.322 0 1.7521 -3.9303 0 2.9868 -5.3996 0 0.7427 -3.4087 0 1.3089
3 2 -3.4087 0 1.3089 -5.9648 0 0.5819 -3.5419 0 0.6274
4 2 -3.5419 0 0.6274 -6.943 0 0.5635 -6.943 0 -0.6961 -6.0031 0 -0.7044
4 2 -3.5419 0 0.6274 -6.0031 0 -0.7044 -5.0613 0 -0.6123 -4.2039 0 -0.2444
3 2 -3.5419 0 0.6274 -4.2039 0 -0.2444 -3.542 0 0.6268
3 2 -6.943 0 -0.6961 -6.943 0 3.0387 -8.1198 0 3.0589
4 2 -6.943 0 -4.2762 -6.943 0 -0.6961 -8.5083 0 4.2983 -8.5083 0 -4.2762
4 2 4.6193 0 4.3494 4.1004 0 4.1336 3.5125 0 3.5369 3.1955 0 2.7514
4 2 4.6193 0 4.3494 3.1955 0 2.7514 3.0504 0 1.9285 2.9984 0 1.0914
4 2 4.6193 0 4.3494 2.9984 0 1.0914 2.9917 0 0.2541 2.9917 0 -0.5635
4 2 4.6193 0 4.3494 2.9917 0 -0.5635 2.9972 0 -1.3666 3.0554 0 -2.1685
4 2 4.6193 0 4.3494 3.0554 0 -2.1685 3.2292 0 -2.9503 3.4955 0 -3.5353
4 2 4.6193 0 4.3494 3.4955 0 -3.5353 3.9265 0 -4.0075 4.4171 0 -4.2721
3 2 4.6193 0 4.3494 4.4171 0 -4.2721 4.6062 0 1.3278
4 2 4.6004 0 -0.011 4.5898 0 0.8409 4.4171 0 -4.2721 4.4483 0 -4.289
3 2 4.6004 0 -0.011 4.4483 0 -4.289 4.5818 0 -4.3191
3 2 4.7005 0 -4.3459 4.597 0 -0.8073 4.5818 0 -4.3191
3 2 4.6849 0 2.2873 4.6363 0 2.2171 4.6185 0 1.6906
3 2 5.2526 0 3.1072 4.6618 0 2.9732 4.6363 0 2.2171
3 2 5.6874 0 3.2058 4.6831 0 3.6029 4.6618 0 2.9732
4 2 6.4445 0 2.9064 5.7155 0 4.479 5.2961 0 4.4879 4.7093 0 4.3799
3 2 6.4445 0 2.9064 4.7093 0 4.3799 4.6831 0 3.6029
4 2 6.8033 0 2.1326 6.6092 0 4.3915 6.3396 0 4.4657 5.7155 0 4.479
3 2 6.8622 0 1.4475 6.7829 0 4.3437 6.6092 0 4.3915
3 2 6.8708 0 1.1304 6.8294 0 4.3309 6.7829 0 4.3437
4 2 4.7093 0 4.3799 4.6795 0 4.3744 4.6193 0 4.3494 4.6062 0 1.3278
4 2 6.8794 0 0.8182 6.859 0 4.3227 6.8294 0 4.3309 6.8708 0 1.1304
4 2 6.9024 0 4.3108 6.859 0 4.3227 6.883 0 0.1878 6.8926 0 -0.5487
4 2 7.3179 0 4.1237 7.2091 0 4.2263 6.9024 0 4.3108 6.8911 0 -1.2898
4 2 8.3292 0 2.5194 7.9956 0 3.484 7.3179 0 4.1237 6.8334 0 -2.0221
4 2 8.4956 0 0.279 8.4692 0 1.3642 8.3559 0 2.442 8.3292 0 2.5194
4 2 8.4956 0 0.279 8.3292 0 2.5194 6.5907 0 -2.7589 8.472 0 -1.5213
3 2 8.4956 0 0.279 8.472 0 -1.5213 8.4917 0 -0.8066
4 2 8.472 0 -1.5213 5.97 0 -3.1672 7.9576 0 -3.5292 8.3073 0 -2.7766
3 2 8.472 0 -1.5213 8.3073 0 -2.7766 8.4647 0 -1.7857
4 2 7.9576 0 -3.5292 5.1866 0 -3.0245 6.2129 0 -4.4467 6.4917 0 -4.4274
4 2 7.9576 0 -3.5292 6.4917 0 -4.4274 7.1439 0 -4.2447 7.9051 0 -3.642
4 2 6.2129 0 -4.4467 4.7184 0 -2.3757 4.9765 0 -4.4083 5.1657 0 -4.451
3 2 6.2129 0 -4.4467 5.1657 0 -4.451 5.8293 0 -4.4733
3 2 4.9765 0 -4.4083 4.6202 0 -1.6022 4.7005 0 -4.3459
4 15 9.5336 0 3.8244 9.4234 0 4.6567 8.9265 0 5.3127 8.1985 0 5.5216
4 15 9.5336 0 3.8244 8.1985 0 5.5216 7.4265 0 5.5138 9.5135 0 2.9724
4 15 -8.5083 0 3.0387 -8.5083 0 4.2983 -9.5077 0 4.2983 -9.53 0 3.5028
3 15 -8.5083 0 3.0387 -9.53 0 3.5028 -9.53 0 3.0387
3 15 -4.929 0 4.2625 -5.018 0 4.2983 -5.8126 0 4.2983
3 15 -4.117 0 3.9353 -4.4304 0 4.2983 -5.018 0 4.2983
3 15 -3.7017 0 3.4543 -4.0524 0 4.2983 -4.4304 0 4.2983
4 15 -3.0517 0 3.0387 -3.0517 0 4.2983 -4.0524 0 4.2983 -3.5291 0 3.0387
3 15 0.8041 0 4.2178 0.6313 0 4.2983 -0.2256 0 4.2983
4 15 1.7309 0 3.786 1.4863 0 4.2071 0.8934 0 4.2983 0.6313 0 4.2983
4 15 3.8193 0 3.8483 1.4863 0 4.2071 2.1648 0 3.0387 3.0216 0 3.0387
3 15 3.5125 0 3.5369 3.0216 0 3.0387 3.3114 0 3.0387
4 15 0.8934 0 4.2983 -7.0083 0 5.5138 -7.7164 0 5.5328 -8.4213 0 5.5044
4 15 0.8934 0 4.2983 -8.4213 0 5.5044 -9.1037 0 5.1884 -9.5009 0 4.5414
3 15 0.8934 0 4.2983 -9.5009 0 4.5414 -9.5077 0 4.2983
3 15 9.0825 0 3.0387 8.0972 0 3.1902 8.1496 0 3.0387
4 15 -8.5083 0 -5.4184 -8.5083 0 3.0387 -9.53 0 3.0387 -9.53 0 -3.7901
4 15 -8.5083 0 -5.4184 -9.53 0 -3.7901 -9.5237 0 -4.3867 -9.0517 0 -5.2117
4 15 -6.943 0 -5.4917 -6.943 0 -4.2762 -8.5083 0 -4.2762 -8.5083 0 -5.4184
4 15 -6.943 0 -5.4917 -8.5083 0 -5.4184 -8.3438 0 -5.4809 -7.5735 0 -5.4917
4 15 -3.0517 0 -5.4917 -3.0517 0 -0.7303 -6.943 0 -0.6961 -6.943 0 -5.4917
4 15 -3.0517 0 0.2498 -3.0517 0 0.6366 -3.5416 0 0.6274 -4.2039 0 -0.2444
3 15 -3.0517 0 -0.4157 -3.0517 0 0.2498 -5.0613 0 -0.6123
3 15 -3.0517 0 -0.7303 -3.0517 0 -0.4157 -6.0031 0 -0.7044
4 15 -1.4865 0 -5.4917 -1.4865 0 -4.2762 -3.0517 0 -4.2762 -3.0517 0 -5.4917
3 15 -3.4556 0 2.8619 -3.4697 0 2.9789 -3.5045 0 2.9795
3 15 -3.0836 0 2.9722 -3.4697 0 2.9789 -3.322 0 1.7521
4 15 -3.0517 0 1.4104 -3.0517 0 2.9717 -3.0836 0 2.9722 -3.4087 0 1.3089
4 15 -3.0517 0 0.6366 -3.0517 0 1.4104 -3.4087 0 1.3089 -3.5419 0 0.6274
4 15 -3.0517 0 2.9717 -3.0517 0 3.0387 -3.5291 0 3.0387 -3.5045 0 2.9795
3 15 2.2371 0 2.9141 2.2297 0 3.0387 2.1648 0 3.0387
3 15 2.505 0 3.0387 2.2297 0 3.0387 2.298 0 1.8895
4 15 3.3114 0 3.0387 2.505 0 3.0387 2.1736 0 1.1987 2.6018 0 1.2805
3 15 3.1955 0 2.7514 2.6018 0 1.2805 2.9477 0 1.3465
3 15 3.0504 0 1.9285 2.9477 0 1.3465 3.015 0 1.3594
3 15 8.5002 0 3.0387 8.1496 0 3.0387 8.3292 0 2.5194
3 15 8.3559 0 2.442 8.3433 0 2.5622 8.3292 0 2.5194
4 15 9.5135 0 2.6005 9.5135 0 2.9724 9.0825 0 3.0387 8.5002 0 3.0387
4 15 9.5135 0 2.6005 8.5002 0 3.0387 8.3433 0 2.5622 8.3624 0 2.3806
3 15 2.2189 0 1.2073 2.1736 0 1.1987 2.1587 0 1.116
4 15 3.0005 0 1.3566 2.2189 0 1.2073 1.8675 0 0.674 2.9951 0 0.674
3 15 3.015 0 1.3594 3.0005 0 1.3566 2.9984 0 1.0914
3 15 8.4692 0 1.3642 8.4442 0 2.3963 8.3624 0 2.3806
4 15 9.5135 0 0.674 9.5135 0 2.6005 8.4442 0 2.3963 8.486 0 0.674
3 15 -0.2039 0 -0.6281 -0.6236 0 -0.5967 -0.4439 0 -0.7861
4 15 0.6657 0 -1.9558 0.6193 0 -1.3432 -0.0287 0 -0.6895 -0.2039 0 -0.6281
3 15 0.6657 0 -1.9558 -0.2039 0 -0.6281 -0.4439 0 -0.7861
4 15 4.5774 0 -5.3362 2.278 0 -3.0166 2.4056 0 -3.7901 4.0198 0 -5.4917
3 15 4.5774 0 -5.3362 4.0198 0 -5.4917 4.5767 0 -5.4917
3 15 1.0805 0 0.2062 1.0352 0 0.1878 1.0352 0 0.1436
4 15 1.7554 0 -0.1305 1.4453 0 0.354 1.0805 0 0.2062 1.0352 0 0.1436
4 15 2.0889 0 0.6147 2.0853 0 0.674 1.8675 0 0.674 1.7336 0 0.4708
3 15 2.1742 0 -0.7845 2.0889 0 0.6147 1.4453 0 0.354
3 15 2.2309 0 -1.7127 2.2004 0 0.674 2.0853 0 0.674
4 15 2.9951 0 0.674 2.2004 0 0.674 2.2392 0 -2.3655 2.9662 0 -2.9572
3 15 2.9917 0 -2.9781 2.9917 0 0.2541 2.9662 0 -2.9572
3 15 3.3891 0 -3.3016 3.2292 0 -2.9503 3.2892 0 -3.2203
3 15 3.2892 0 -3.2203 3.0554 0 -2.1685 3.1219 0 -3.084
3 15 3.1219 0 -3.084 2.9972 0 -1.3666 3.0082 0 -2.9915
3 15 3.0082 0 -2.9915 2.9917 0 -0.5635 2.9917 0 -2.9781
3 15 0.6193 0 -1.3432 0.3387 0 -0.8183 -0.0287 0 -0.6895
4 15 4.0926 0 -4.8471 3.3891 0 -3.3016 2.2392 0 -2.3655 2.278 0 -3.0166
3 15 4.5818 0 -4.3191 4.4483 0 -4.289 4.5816 0 -4.3609
3 15 4.5816 0 -4.3609 3.9265 0 -4.0075 4.5801 0 -4.7236
4 15 4.5801 0 -4.7236 3.4955 0 -3.5353 4.0926 0 -4.8471 4.5774 0 -5.3362
3 15 -0.8435 0 -0.5803 -1.4865 0 -0.5856 -1.4865 0 -0.8432
4 15 0.6946 0 -5.4917 0.6657 0 -1.9558 -0.6236 0 -0.5967 -0.8435 0 -0.5803
4 15 0.6946 0 -5.4917 -0.8435 0 -0.5803 -1.4865 0 -0.8432 -1.4865 0 -5.4917
3 15 2.8668 0 -4.2762 2.4056 0 -3.7901 2.5787 0 -4.2762
4 15 4.0198 0 -5.4917 2.8668 0 -4.2762 0.8396 0 -4.2762 1.0336 0 -5.4917
3 15 1.0336 0 -5.4917 0.7171 0 -3.5087 0.8326 0 -5.4917
3 15 0.8326 0 -5.4917 0.672 0 -2.7358 0.6946 0 -5.4917
4 15 4.734 0 -5.4917 4.7005 0 -4.3459 4.5818 0 -4.3191 4.5767 0 -5.4917
3 15 8.497 0 0.674 8.486 0 0.674 8.4956 0 0.279
3 15 8.5327 0 0.674 8.497 0 0.674 8.4917 0 -0.8066
4 15 9.5135 0 -0.8361 9.5135 0 0.674 8.5327 0 0.674 8.472 0 -1.5213
3 15 8.5107 0 -1.4958 8.472 0 -1.5213 8.4647 0 -1.7857
3 15 9.0748 0 -1.1247 8.5107 0 -1.4958 8.3073 0 -2.7766
4 15 9.5135 0 -3.3039 9.5135 0 -0.8361 9.0748 0 -1.1247 7.9576 0 -3.5292
3 15 9.5135 0 -3.3039 7.9576 0 -3.5292 9.5112 0 -3.8122
3 15 8.0308 0 -3.5425 7.9576 0 -3.5292 7.9051 0 -3.642
3 15 9.0122 0 -3.7213 8.0308 0 -3.5425 7.1439 0 -4.2447
4 15 9.5112 0 -3.8122 9.0122 0 -3.7213 6.4917 0 -4.4274 9.5093 0 -4.2184
4 15 9.5093 0 -4.2184 6.2129 0 -4.4467 6.9669 0 -5.4917 7.9483 0 -5.4917
4 15 9.5093 0 -4.2184 7.9483 0 -5.4917 8.557 0 -5.4546 8.9265 0 -5.285
4 15 9.5093 0 -4.2184 8.9265 0 -5.285 9.1811 0 -5.0715 9.5092 0 -4.2318
3 15 6.242 0 -4.4871 6.2129 0 -4.4467 5.8293 0 -4.4733
3 15 6.4206 0 -4.7346 6.242 0 -4.4871 5.1657 0 -4.451
4 15 6.9669 0 -5.4917 6.4206 0 -4.7346 4.9765 0 -4.4083 5.114 0 -5.4917
4 15 5.114 0 -5.4917 4.9765 0 -4.4083 4.7005 0 -4.3459 4.734 0 -5.4917
4 15 4.6243 0 5.5138 -7.0083 0 5.5138 3.5236 0 3.8938 4.6193 0 4.3494
3 15 4.1004 0 4.1336 3.5236 0 3.8938 3.8193 0 3.8483
3 15 4.6795 0 4.3744 4.6194 0 4.3634 4.6193 0 4.3494
4 15 4.7476 0 5.5138 4.6243 0 5.5138 4.6194 0 4.3634 4.7093 0 4.3799
3 15 5.2961 0 4.4879 4.7134 0 4.5002 4.7093 0 4.3799
4 15 5.7155 0 4.479 5.2357 0 5.5138 4.7476 0 5.5138 4.7134 0 4.5002
4 15 8.3217 0 4.4237 7.4265 0 5.5138 5.2357 0 5.5138 5.7155 0 4.479
3 15 6.6092 0 4.3915 6.6033 0 4.4602 6.3396 0 4.4657
4 15 8.8562 0 3.7728 8.3217 0 4.4237 6.6033 0 4.4602 6.6092 0 4.3915
3 15 7.3235 0 4.1948 7.2091 0 4.2263 7.3179 0 4.1237
4 15 7.9956 0 3.484 7.7947 0 4.0651 7.3235 0 4.1948 7.3179 0 4.1237
4 15 9.5135 0 2.9724 8.8562 0 3.7728 7.7947 0 4.0651 8.0972 0 3.1902
4 2 9.3699 0 -5.4917 7.2986 0 -5.4917 7.1439 0 -5.9779 7.8979 0 -5.9986
3 2 9.3699 0 -5.4917 7.8979 0 -5.9986 8.6439 0 -5.9362
3 2 9.5146 0 -4.2181 9.5093 0 -4.2184 9.5092 0 -4.2318
4 2 9.9889 0 -4.1852 9.5146 0 -4.2181 9.1811 0 -5.0715 9.9824 0 -4.3997
3 2 9.9889 0 -4.1852 9.9824 0 -4.3997 9.988 0 -4.3867
3 2 9.9824 0 -4.3997 8.9265 0 -5.285 9.7642 0 -4.9004
4 2 9.7642 0 -4.9004 8.557 0 -5.4546 9.5271 0 -5.3955 9.5563 0 -5.3776
3 2 9.5271 0 -5.3955 7.9483 0 -5.4917 9.3699 0 -5.4917
4 2 9.9902 0 -3.8994 9.5112 0 -3.8122 9.5093 0 -4.2184 9.9889 0 -4.1852
3 2 9.9106 0 0.674 9.5135 0 0.674 9.5135 0 -0.1807
4 2 9.9917 0 0.8486 9.9917 0 2.9724 9.5135 0 1.4693 9.5135 0 0.674
3 2 9.9917 0 0.8486 9.5135 0 0.674 9.9106 0 0.674
3 2 9.5248 0 -0.8287 9.5135 0 -0.8361 9.5135 0 -3.3039
4 2 9.9917 0 -3.547 9.9917 0 -0.5215 9.5248 0 -0.8287 9.5112 0 -3.8122
3 2 9.9917 0 -3.547 9.5112 0 -3.8122 9.9902 0 -3.8994
4 2 9.9917 0 -0.5215 9.9917 0 0.8486 9.5135 0 -0.1807 9.5135 0 -0.8361
4 2 -9.5077 0 4.2983 -9.9981 0 4.2983 -10 0 3.6575 -10 0 3.0387
3 2 -9.5077 0 4.2983 -10 0 3.0387 -9.543 0 3.0387
3 2 -9.53 0 3.0387 -9.53 0 3.5028 -9.543 0 3.0387
4 2 -9.4741 0 5.495 -9.9949 0 4.4972 -9.9981 0 4.2983 -9.5077 0 4.2983
3 2 -9.1037 0 5.1884 -9.4877 0 5.0105 -9.5009 0 4.5414
3 2 -8.4213 0 5.5044 -9.4751 0 5.4619 -9.4877 0 5.0105
4 2 -7.7164 0 5.5328 -9.3154 0 5.5758 -9.4718 0 5.4996 -9.4741 0 5.495
3 2 -7.7164 0 5.5328 -9.4741 0 5.495 -9.4751 0 5.4619
3 2 -7.0083 0 5.5138 -8.8587 0 5.7985 -9.3154 0 5.5758
4 2 -0.1501 0 5.5138 -1.3798 0 6 -7.943 0 6 -8.4648 0 5.9905
4 2 -0.1501 0 5.5138 -8.4648 0 5.9905 -8.8587 0 5.7985 -7.0083 0 5.5138
4 2 4.6264 0 6 -1.3798 0 6 -0.1501 0 5.5138 4.6243 0 5.5138
4 2 4.764 0 6 4.6264 0 6 4.6243 0 5.5138 4.7476 0 5.5138
4 2 5.2357 0 5.5138 5.0103 0 6 4.764 0 6 4.7476 0 5.5138
4 2 9.4065 0 5.5337 9.2309 0 5.69 8.3914 0 5.9826 7.4917 0 6
4 2 9.4065 0 5.5337 7.4917 0 6 5.0103 0 6 5.2357 0 5.5138
3 2 9.4065 0 5.5337 5.2357 0 5.5138 7.4265 0 5.5138
3 2 8.9265 0 5.3127 8.764 0 5.5273 8.1985 0 5.5216
3 2 9.4234 0 4.6567 9.3073 0 5.5327 8.764 0 5.5273
4 2 9.9534 0 4.3891 9.9273 0 4.6599 9.5532 0 5.4033 9.4065 0 5.5337
4 2 9.9534 0 4.3891 9.4065 0 5.5337 9.3073 0 5.5327 9.4574 0 4.3997
3 2 9.5472 0 4.3978 9.4574 0 4.3997 9.5336 0 3.8244
4 2 10 0 3.8211 9.9534 0 4.3891 9.5472 0 4.3978 9.528 0 3.5878
3 2 10 0 3.8211 9.528 0 3.5878 10 0 3.4576
4 2 10 0 3.4576 9.528 0 3.5878 9.5151 0 3.0387 9.993 0 3.0387
4 2 -9.53 0 -5.3993 -9.53 0 3.0387 -10 0 3.0387 -10 0 -3.9227
4 2 -9.53 0 -5.3993 -10 0 -3.9227 -9.9721 0 -4.6077 -9.7461 0 -5.1549
4 2 -8.5083 0 -5.9461 -8.5083 0 -5.4184 -9.0517 0 -5.2117 -8.6681 0 -5.8823
3 2 -8.5083 0 -5.9461 -8.6681 0 -5.8823 -8.5155 0 -5.9459
4 2 -8.6681 0 -5.8823 -9.5237 0 -4.3867 -9.5128 0 -5.4187 -9.3561 0 -5.5959
3 2 -9.5128 0 -5.4187 -9.53 0 -3.7901 -9.53 0 -5.3993
3 2 -6.943 0 -5.5006 -6.943 0 -5.4917 -7.5735 0 -5.4917
4 2 -6.943 0 -5.9779 -6.943 0 -5.5006 -8.3438 0 -5.4809 -7.0366 0 -5.9779
4 2 -7.0366 0 -5.9779 -8.5083 0 -5.4184 -8.5083 0 -5.9461 -7.5952 0 -5.9779
4 2 -3.0517 0 -5.9779 -3.0517 0 -5.4917 -6.943 0 -5.4917 -6.943 0 -5.9779
4 2 -1.4865 0 -5.9779 -1.4865 0 -5.4917 -3.0517 0 -5.4917 -3.0517 0 -5.9779
3 2 9.7775 0 2.6509 9.5135 0 2.9724 9.5135 0 2.6005
4 2 9.993 0 3.0387 9.5151 0 3.0387 9.5135 0 2.9724 9.7775 0 2.6509
4 2 9.993 0 3.0387 9.7775 0 2.6509 9.8967 0 2.6737 9.9917 0 2.9724
3 2 9.8967 0 2.6737 9.5135 0 2.6005 9.5135 0 1.4693
4 2 4.5767 0 -5.4917 4.0198 0 -5.4917 4.481 0 -5.9779 4.5746 0 -5.9779
4 2 0.6985 0 -5.9779 0.6946 0 -5.4917 -1.4865 0 -5.4917 -1.4865 0 -5.9779
4 2 4.481 0 -5.9779 4.0198 0 -5.4917 1.0336 0 -5.4917 1.1112 0 -5.9779
4 2 1.1112 0 -5.9779 1.0336 0 -5.4917 0.8326 0 -5.4917 0.8609 0 -5.9779
4 2 0.8609 0 -5.9779 0.8326 0 -5.4917 0.6946 0 -5.4917 0.6985 0 -5.9779
4 2 4.7482 0 -5.9779 4.734 0 -5.4917 4.5767 0 -5.4917 4.5746 0 -5.9779
3 2 7.2986 0 -5.4917 6.9669 0 -5.4917 7.1971 0 -5.8107
4 2 7.1971 0 -5.8107 6.9669 0 -5.4917 5.114 0 -5.4917 5.1757 0 -5.9779
3 2 7.1971 0 -5.8107 5.1757 0 -5.9779 7.1439 0 -5.9779
4 2 5.1757 0 -5.9779 5.114 0 -5.4917 4.734 0 -5.4917 4.7482 0 -5.9779
4 16 -9.971 0 6 -10 0 6 -10 0 4.2983 -9.9981 0 4.2983
4 16 -9.46 0 6 -9.971 0 6 -9.9949 0 4.4972 -9.4741 0 5.495
3 16 -9.4718 0 5.4996 -9.474 0 5.4985 -9.4741 0 5.495
3 16 -9.3154 0 5.5758 -9.4718 0 5.58 -9.474 0 5.4985
4 16 -8.8587 0 5.7985 -9.463 0 5.8914 -9.4718 0 5.58 -9.3154 0 5.5758
4 16 -8.4454 0 6 -9.46 0 6 -9.463 0 5.8914 -8.8587 0 5.7985
3 16 -7.943 0 6 -8.4454 0 6 -8.4648 0 5.9905
3 16 -9.9981 0 4.2983 -10 0 4.2983 -10 0 3.6575
3 16 8.3914 0 5.9826 8.3416 0 6 7.4917 0 6
3 16 9.2309 0 5.69 8.8823 0 6 8.3416 0 6
4 16 9.9917 0 5.5396 9.9917 0 6 8.8823 0 6 9.4065 0 5.5337
3 16 9.5532 0 5.4033 9.4871 0 5.5346 9.4065 0 5.5337
3 16 9.9273 0 4.6599 9.8426 0 5.5381 9.4871 0 5.5346
4 16 9.9917 0 4.3883 9.9917 0 5.5396 9.8426 0 5.5381 9.9534 0 4.3891
3 16 9.9917 0 3.9922 9.9917 0 4.3883 9.9534 0 4.3891
3 16 -9.53 0 -5.6784 -9.53 0 -5.3993 -9.7461 0 -5.1549
4 16 -9.53 0 -6 -9.53 0 -5.6784 -9.9721 0 -4.6077 -9.8985 0 -6
3 16 -9.8985 0 -6 -10 0 -3.9227 -10 0 -6
4 16 -9.5067 0 -6 -9.5128 0 -5.4187 -9.53 0 -5.3993 -9.53 0 -6
3 16 -8.5083 0 -5.9489 -8.5083 0 -5.9461 -8.5155 0 -5.9459
4 16 -8.5083 0 -6 -8.5083 0 -5.9489 -8.6681 0 -5.8823 -8.6008 0 -6
4 16 -8.6008 0 -6 -8.6681 0 -5.8823 -9.3561 0 -5.5959 -8.9987 0 -6
3 16 -8.9987 0 -6 -9.5128 0 -5.4187 -9.5067 0 -6
4 16 -6.943 0 -6 -6.943 0 -5.9779 -7.0366 0 -5.9779 -6.9785 0 -6
3 16 -6.9803 0 -5.9993 -7.0366 0 -5.9779 -7.5952 0 -5.9779
4 16 -6.9785 0 -6 -6.9803 0 -5.9993 -8.5083 0 -5.9461 -8.5083 0 -6
4 16 -3.0517 0 -6 -3.0517 0 -5.9779 -6.943 0 -5.9779 -6.943 0 -6
4 16 -1.4865 0 -6 -1.4865 0 -5.9779 -3.0517 0 -5.9779 -3.0517 0 -6
4 16 4.5746 0 -5.9779 4.481 0 -5.9779 4.502 0 -6 4.5745 0 -6
4 16 0.6987 0 -6 0.6985 0 -5.9779 -1.4865 0 -5.9779 -1.4865 0 -6
4 16 4.502 0 -6 4.481 0 -5.9779 1.1112 0 -5.9779 1.1147 0 -6
4 16 1.1147 0 -6 1.1112 0 -5.9779 0.8609 0 -5.9779 0.8622 0 -6
4 16 0.8622 0 -6 0.8609 0 -5.9779 0.6985 0 -5.9779 0.6987 0 -6
4 16 4.7489 0 -6 4.7482 0 -5.9779 4.5746 0 -5.9779 4.5745 0 -6
3 16 9.9917 0 -3.8997 9.9917 0 -3.547 9.9902 0 -3.8994
4 16 9.9917 0 -4.185 9.9917 0 -3.8997 9.9902 0 -3.8994 9.9889 0 -4.1852
4 16 9.9917 0 -4.3782 9.9917 0 -4.185 9.9889 0 -4.1852 9.988 0 -4.3867
3 16 9.9917 0 -4.3918 9.9917 0 -4.3782 9.9824 0 -4.3997
4 16 9.9917 0 -4.7959 9.9917 0 -4.3918 9.9824 0 -4.3997 9.7642 0 -4.9004
4 16 9.9917 0 -5.111 9.9917 0 -4.7959 9.7642 0 -4.9004 9.5563 0 -5.3776
3 16 9.9917 0 -5.3671 9.9917 0 -5.111 9.5271 0 -5.3955
4 16 9.9917 0 -5.4917 9.9917 0 -5.3671 9.5271 0 -5.3955 9.3699 0 -5.4917
4 16 9.9917 0 -5.8234 9.9917 0 -5.4917 9.3699 0 -5.4917 8.6439 0 -5.9362
4 16 9.9917 0 -6 9.9917 0 -5.8234 7.8979 0 -5.9986 7.9485 0 -6
3 16 7.9485 0 -6 7.3213 0 -5.9828 7.3337 0 -6
4 16 7.1439 0 -5.9779 5.1757 0 -5.9779 5.1786 0 -6 7.1369 0 -6
4 16 7.3337 0 -6 7.3213 0 -5.9828 7.1439 0 -5.9779 7.1369 0 -6
4 16 5.1786 0 -6 5.1757 0 -5.9779 4.7482 0 -5.9779 4.7489 0 -6
